148098,4,1.7,6.0,13.0,14.0,17.5,19.4,25.1,26.6,26.9,32.8,47.1,51.2,90.4,120.6,132.8,170.1,1
148100,6,2.4,4.5,7.0,12.5,14.3,16.7,17.8,18.6,24.6,26.5,26.9,99.6,124.3,137.6,186.1,217.8,1
148103,9,2.8,5.0,6.0,10.4,12.1,13.6,18.9,19.2,28.6,34.5,37.0,40.4,43.2,63.0,65.2,218.4,2
148110,4,1.6,9.5,11.8,13.1,13.4,14.4,16.3,16.3,28.0,49.1,97.5,127.5,130.1,150.4,381.8,401.1,4
148114,8,2.2,5.8,6.9,13.8,14.0,14.6,15.0,15.4,23.0,27.2,44.9,46.8,75.2,159.5,473.0,552.6,7
148117,11,2.1,4.9,6.4,9.2,12.4,18.0,21.2,37.3,39.2,50.5,62.5,71.5,81.4,154.1,213.5,276.4,6
148118,12,3.8,5.5,6.2,6.6,9.2,13.3,14.1,15.7,24.7,26.0,31.3,41.1,52.1,59.9,109.4,201.1,4
148120,2,3.3,3.5,7.4,11.1,12.4,15.9,16.0,17.3,18.7,18.9,39.9,62.4,105.9,152.6,173.6,190.6,9
148122,4,3.3,3.8,4.5,5.8,8.1,20.6,36.3,36.5,44.7,79.6,98.3,130.8,190.0,199.8,468.6,539.1,16
148130,12,3.8,4.0,5.3,6.0,9.8,12.7,19.4,22.9,26.1,47.2,58.8,99.0,115.0,128.3,166.0,322.3,2
