165515,2,1.1,13.1,17.0,19.4,32.2,38.6,38.9,39.7,55.4,58.0,60.0,60.5,148.2,177.9,180.8,262.0,2000,1,2,-1,1,10,9,6,12,8,16,7,4,2,5,13,15,14,1,3,11,1
165520,7,2.0,4.3,6.7,9.9,11.9,14.2,27.2,36.1,49.2,60.2,121.5,152.7,229.7,257.3,337.8,418.6,1150,-1,1,-1,1,2,15,7,9,12,10,4,14,8,16,1,5,3,6,13,11,2
165521,8,2.4,3.1,7.3,7.8,12.4,26.9,31.7,32.4,43.6,57.9,63.1,107.7,120.5,154.7,262.2,293.3,1200,1,2,-1,1,11,4,6,5,7,3,13,16,1,15,9,2,14,12,10,8,2
165522,9,3.7,4.2,6.8,8.0,11.0,11.1,13.8,16.4,22.6,30.0,32.0,53.5,67.8,147.0,162.0,176.0,1150,-1,1,-1,1,14,1,2,9,12,13,6,8,4,7,10,3,5,15,16,11,5
165524,11,3.5,4.1,5.6,12.3,13.0,16.2,17.2,23.1,23.6,24.7,27.8,29.3,40.7,45.8,57.2,78.1,1200,1,2,-1,1,1,3,11,12,5,10,15,4,6,2,8,14,9,7,13,16,2
165525,12,2.8,5.5,6.4,6.8,11.7,12.2,12.8,26.0,28.1,35.8,46.8,70.4,88.4,88.8,148.2,266.0,1800,1,2,-1,1,12,9,2,16,7,8,4,5,6,14,3,15,11,1,10,13,1
165527,2,3.0,4.3,8.1,9.3,10.2,11.7,12.5,18.4,21.8,40.1,47.5,55.4,71.3,84.3,153.5,292.1,1200,1,2,-1,1,13,12,1,14,10,4,11,7,6,3,16,9,8,2,5,15,8
165530,5,2.6,4.7,5.8,6.3,13.0,13.7,21.8,31.7,32.9,53.5,53.7,91.4,103.9,136.9,165.7,218.0,1200,1,2,-1,1,16,7,15,9,8,1,11,3,13,10,4,5,6,2,12,14,4
165531,6,2.3,3.6,3.6,11.8,20.8,29.1,33.7,43.3,54.1,93.2,94.5,141.5,141.7,158.5,238.4,239.1,1150,-1,1,-1,1,8,9,12,11,10,13,14,1,3,2,7,16,5,6,4,15,2
165532,7,2.0,4.5,9.5,11.3,11.4,16.2,20.3,26.3,31.7,38.2,49.8,77.2,90.3,185.7,222.4,226.0,1800,1,2,-1,1,13,9,2,10,4,5,11,16,1,3,6,8,15,12,14,7,1
165533,8,3.2,3.9,8.5,11.0,12.7,14.6,15.6,16.3,20.3,23.2,23.7,30.2,61.3,84.5,100.1,141.0,2000,1,2,-1,0,3,8,1,12,10,7,9,4,16,15,6,2,13,5,11,14,12
165534,9,2.2,3.0,4.9,15.2,20.7,21.5,47.8,48.4,70.5,72.6,81.8,131.1,166.1,177.6,221.5,296.7,1150,-1,1,-1,0,7,12,6,9,10,11,4,8,1,13,14,15,3,5,2,16,2
165536,11,4.0,4.3,5.6,8.6,11.4,12.4,15.8,19.5,21.5,29.1,45.1,45.8,46.7,52.8,58.6,59.9,2000,1,2,-1,0,12,16,4,14,10,1,8,7,3,13,6,2,11,5,9,15,9
165537,12,2.0,6.1,6.2,12.0,12.9,23.9,27.4,29.1,29.5,29.9,33.4,40.1,68.8,69.9,205.9,223.0,1200,1,2,-1,0,16,15,5,6,12,2,13,1,9,10,3,4,7,11,14,8,1
165539,2,4.0,4.0,5.4,8.3,8.4,13.7,16.3,17.5,24.8,27.5,31.3,93.6,139.7,186.8,233.4,239.6,1200,1,2,-1,1,2,3,9,13,15,16,8,14,10,1,11,12,7,5,6,4,10
165541,4,2.4,3.7,8.1,8.4,13.7,14.3,18.6,23.1,27.1,51.9,97.3,135.7,167.2,207.1,283.8,304.8,1800,1,2,-1,1,3,5,11,15,13,9,4,8,1,10,7,6,12,2,14,16,3
165542,5,1.7,4.2,8.0,15.3,21.6,22.9,24.6,34.8,39.4,41.8,71.9,72.2,130.1,134.3,139.0,185.5,1200,1,2,-1,1,3,7,15,9,5,1,16,12,4,2,6,10,14,13,11,8,3
165543,6,2.8,4.6,5.3,5.7,11.6,13.6,17.9,31.9,58.4,72.4,78.8,89.5,113.6,128.6,149.6,340.3,2000,1,2,-1,1,13,10,16,1,2,12,5,15,7,9,8,11,6,3,14,4,3
165544,7,2.3,5.7,8.2,10.7,12.0,15.0,16.8,17.1,17.6,26.3,43.7,47.9,68.4,138.8,221.1,309.5,1150,-1,2,-1,1,16,11,10,6,3,7,4,9,12,13,14,1,2,8,15,5,1
165546,9,3.1,4.9,7.2,7.5,8.8,8.8,18.4,20.7,30.7,34.0,50.9,54.5,84.8,92.8,128.7,170.8,1800,1,2,-1,1,3,2,8,7,6,14,13,1,11,4,15,9,10,5,12,16,3
165547,10,3.2,5.1,6.0,6.5,9.4,10.6,17.2,21.5,24.4,44.2,55.6,68.7,69.2,106.6,159.8,189.3,2600,1,2,-1,1,14,8,16,11,7,1,12,15,6,13,3,4,5,10,9,2,5
165548,11,2.8,4.0,5.1,8.6,15.9,21.7,23.9,25.7,30.4,37.2,39.8,43.6,49.8,83.3,95.1,139.3,1150,-1,2,-1,1,7,4,14,15,8,11,1,12,6,9,10,3,13,16,2,5,2
165549,12,3.2,5.6,6.1,6.5,8.6,9.9,25.7,25.9,27.6,36.1,54.0,55.4,59.4,68.8,102.5,122.4,1200,1,2,-1,1,15,4,8,12,7,3,14,1,6,13,11,5,9,10,16,2,4
165550,1,2.5,4.2,6.8,8.3,8.9,11.6,22.5,30.2,54.5,66.3,102.5,105.6,118.9,132.3,175.7,183.9,1150,-1,2,-1,-1,15,3,7,16,12,11,13,9,10,8,2,6,5,14,1,4,4
165551,2,2.2,4.7,5.2,6.9,18.0,25.0,29.3,30.0,44.6,83.9,92.7,93.7,104.7,106.6,115.8,120.0,1200,1,2,-1,-1,16,13,12,14,5,10,11,1,6,8,4,9,7,3,15,2,1
165556,7,4.6,4.8,5.6,7.5,8.4,9.7,15.8,17.5,24.5,34.0,35.6,37.5,43.9,67.4,89.2,185.3,1200,1,1,-1,0,13,1,10,6,2,5,12,11,15,14,9,16,4,7,3,8,10
165558,9,4.2,4.7,6.0,7.0,7.5,9.3,19.7,20.1,22.0,32.4,49.8,51.1,52.6,75.7,114.9,299.9,1150,-1,1,-1,0,9,6,8,15,4,16,12,1,13,11,2,7,10,3,14,5,1
165559,10,3.0,4.2,8.9,9.6,10.1,11.5,14.8,15.1,18.4,35.1,50.8,74.7,87.4,91.8,111.7,167.7,1200,1,1,-1,0,9,11,16,12,14,1,15,2,7,6,8,10,3,5,4,13,3
165561,12,2.5,4.6,5.2,11.2,15.0,15.3,17.2,31.4,33.4,33.5,35.7,44.2,60.6,91.1,124.5,150.0,2000,1,1,-1,1,7,9,4,5,1,10,2,12,16,3,11,8,13,15,6,14,14
165562,1,3.8,4.0,4.3,7.3,8.6,13.8,17.3,22.4,45.4,45.5,78.2,108.5,135.7,247.6,260.1,305.0,1150,-1,2,-1,0,16,9,6,14,5,3,10,7,2,15,13,4,8,12,1,11,3
165563,2,2.9,5.0,7.0,7.1,7.4,12.8,13.2,18.4,46.6,54.9,75.7,85.8,86.8,167.8,425.3,495.6,2000,1,2,-1,1,4,12,7,9,8,14,2,15,1,11,16,3,5,13,6,10,14
165568,7,1.7,7.9,8.0,9.0,9.2,10.8,28.3,37.3,58.3,84.5,116.5,126.1,130.0,147.8,230.1,282.4,1800,1,2,-1,1,5,2,16,9,6,12,14,10,7,13,4,8,1,15,11,3,1
165569,8,2.8,4.3,7.8,8.1,13.3,17.0,17.2,20.4,21.2,21.6,27.2,34.3,128.9,150.9,192.9,232.0,1200,1,2,-1,1,3,11,1,4,5,16,7,9,6,15,12,14,10,13,2,8,1
165571,10,3.5,4.7,7.5,8.6,9.1,10.5,11.2,21.8,24.9,29.2,37.2,43.5,67.2,70.2,122.5,124.6,1200,1,2,-1,1,8,3,13,6,5,10,7,12,15,4,16,14,9,11,1,2,3
165572,11,2.8,6.1,6.5,9.6,11.8,13.9,17.0,22.6,23.8,26.2,27.7,27.9,42.3,53.1,53.1,76.9,1800,1,2,-1,1,16,9,3,12,7,4,1,5,10,13,2,15,6,8,14,11,15
165574,1,1.8,4.9,7.7,9.5,16.8,23.6,25.9,31.2,31.8,35.6,35.8,110.7,208.4,217.4,234.0,447.4,1150,-1,2,-1,1,1,13,16,10,7,6,9,12,11,14,2,5,3,8,4,15,4
165575,2,2.3,4.4,7.6,10.6,10.9,14.6,24.4,25.1,30.9,42.8,44.0,68.1,93.6,101.7,117.2,331.7,1200,1,2,-1,1,14,9,8,13,12,4,10,16,15,7,5,6,1,3,11,2,6
165578,5,3.9,4.4,5.7,7.6,8.8,13.5,15.2,17.0,21.5,29.5,30.9,47.6,140.6,152.8,164.4,208.6,2600,1,2,-1,1,15,2,6,10,8,13,4,5,14,11,16,9,1,3,7,12,3
165579,6,3.1,3.3,5.3,8.9,16.7,17.9,18.9,20.9,34.1,42.1,55.1,67.4,81.9,124.6,130.0,170.6,1200,1,2,-1,1,3,14,9,2,12,16,13,7,11,4,15,5,6,1,10,8,11
165584,11,2.1,6.4,6.8,8.8,12.6,14.2,19.8,29.3,32.4,37.5,42.5,66.1,95.6,97.4,150.0,155.3,1200,1,2,-1,1,3,2,16,10,6,5,13,8,1,12,4,11,7,15,9,14,1
165585,12,3.3,5.4,6.0,8.1,11.6,14.1,14.5,19.6,21.8,22.7,27.1,39.0,55.6,60.2,110.0,158.1,1800,1,2,-1,1,5,13,11,15,10,4,12,7,6,9,14,16,8,1,3,2,2
165590,5,3.7,4.4,4.6,6.2,12.3,14.1,16.4,20.1,29.3,49.0,58.2,70.9,98.4,115.7,119.0,170.0,1600,1,2,1,0,12,11,2,1,8,10,13,5,9,15,3,14,7,16,4,6,3
165595,10,3.6,4.0,6.7,8.5,10.6,11.1,13.6,22.9,24.5,34.9,35.3,51.7,65.8,69.6,96.2,183.6,1200,1,2,1,-1,7,15,13,14,10,4,12,6,8,3,9,11,1,16,5,2,5
165596,11,3.9,5.6,6.7,7.9,8.5,13.8,14.0,14.4,18.7,23.9,25.2,33.4,39.5,95.8,138.3,215.0,1000,1,2,0,-1,11,4,16,5,15,2,14,7,13,1,10,12,8,9,3,6,3
165604,7,4.3,4.8,6.2,8.7,11.4,12.8,17.8,19.3,19.3,20.5,21.2,23.1,27.1,43.0,76.7,183.8,1000,1,1,0,0,11,10,14,1,16,13,8,6,2,4,9,7,12,5,15,3,1
165609,12,3.5,4.5,6.2,7.4,7.7,10.9,24.7,25.1,38.0,41.5,43.0,43.3,55.1,56.2,79.0,85.3,1400,1,1,1,0,3,5,14,6,16,1,10,2,7,8,4,11,13,12,15,9,10
165614,5,2.5,3.8,5.5,10.2,17.3,18.2,22.6,26.9,27.0,30.0,31.0,133.4,147.2,154.4,191.1,313.5,1800,1,-1,1,-1,10,12,3,11,14,2,9,16,5,15,13,1,4,6,8,7,3
165615,6,3.3,3.3,7.9,9.0,10.3,11.6,13.1,19.7,22.0,34.0,74.3,164.4,168.3,188.3,203.0,288.6,1200,1,-1,1,-1,8,15,3,4,6,12,16,13,10,9,7,14,2,1,11,5,12
165620,11,3.4,3.8,8.7,9.1,12.3,15.5,16.9,17.1,19.8,20.7,29.9,32.9,47.6,56.9,108.5,202.9,1000,1,-1,0,1,14,13,10,16,5,15,2,11,12,7,3,9,4,1,6,8,2
165623,2,2.9,4.8,5.4,6.0,15.4,15.9,16.0,20.9,36.2,36.4,44.9,54.1,74.0,214.2,229.2,273.2,1000,1,1,0,1,15,13,14,5,16,4,6,9,3,12,2,10,11,8,1,7,1
165626,5,2.0,5.9,6.6,10.8,11.1,13.9,14.3,16.8,51.9,65.7,153.9,176.4,211.4,228.2,317.1,323.4,2400,1,2,1,1,5,3,2,12,9,6,13,15,14,8,11,7,10,16,4,1,5
165629,8,3.5,5.1,6.1,6.2,11.0,14.2,19.6,20.5,20.9,26.2,30.0,31.6,62.7,82.2,153.5,154.2,1800,1,2,1,1,10,11,15,12,16,6,14,4,3,2,8,7,13,5,1,9,1
165630,9,3.0,3.4,5.3,10.5,12.8,16.3,21.4,30.6,36.7,37.8,40.1,60.0,60.5,118.2,142.4,170.0,1600,1,2,1,1,12,1,7,2,9,5,3,16,15,8,6,11,10,4,13,14,4
165632,11,4.5,5.6,7.2,7.3,8.2,11.5,13.6,14.5,16.1,19.4,22.1,40.5,41.4,76.3,137.6,255.4,2000,1,2,1,1,3,2,11,5,14,15,4,12,6,9,1,16,10,8,7,13,10
165638,5,4.4,4.7,5.4,5.6,7.2,15.7,23.1,28.8,29.9,32.1,33.5,44.0,45.3,63.1,77.4,194.3,1200,1,2,1,1,1,7,6,15,9,12,14,10,11,4,8,2,5,3,16,13,5
165642,9,2.4,5.2,6.7,13.6,14.2,14.5,18.3,19.3,22.7,25.9,26.5,33.0,108.5,131.0,141.7,156.9,1800,1,2,1,1,15,12,1,5,10,9,3,7,16,11,14,8,4,13,6,2,4
165643,10,3.7,4.4,7.8,8.4,9.8,13.4,15.2,15.7,22.8,26.7,35.0,35.1,37.2,56.4,73.2,103.7,1000,1,2,0,1,12,15,14,8,1,5,2,10,3,13,16,9,4,7,6,11,5
165645,12,3.7,4.4,5.7,6.6,9.9,16.0,16.1,18.8,24.1,44.2,45.7,53.9,54.1,55.9,116.9,130.5,2000,1,2,1,1,15,2,8,9,10,12,5,1,13,7,11,4,6,3,14,16,5
165650,5,2.9,3.8,5.8,8.8,9.5,14.1,18.8,21.3,30.8,51.5,84.2,95.5,125.6,259.3,338.3,339.9,1600,1,2,1,1,8,11,15,2,7,9,14,16,12,13,5,6,10,3,4,1,2
165651,6,1.4,7.4,7.8,9.3,15.1,22.2,56.1,58.7,132.2,138.7,198.9,224.1,308.8,314.0,326.9,335.7,2000,1,2,1,1,14,12,3,5,11,13,9,16,7,4,15,1,6,10,8,2,4
165653,8,4.0,4.6,4.7,6.7,11.2,11.3,13.2,19.4,22.8,48.8,72.7,84.7,93.0,93.8,140.4,212.1,1400,1,2,1,1,14,10,15,5,1,11,12,9,6,2,13,8,3,16,7,4,1
165657,12,4.6,6.5,6.6,6.9,9.2,10.6,12.4,15.1,17.6,21.3,25.7,33.2,38.3,64.3,66.9,104.4,1000,1,2,0,1,3,5,2,13,12,11,9,7,15,14,4,8,16,1,10,6,9
165659,2,1.7,6.9,8.0,9.2,12.5,24.5,25.1,28.7,35.8,39.6,63.4,66.3,94.5,105.5,251.2,282.4,2000,1,2,1,1,1,4,8,15,14,5,16,9,6,13,2,12,10,11,7,3,4
165662,5,3.2,3.9,4.7,6.9,11.7,12.6,20.1,23.2,47.7,75.4,75.8,99.1,130.0,162.6,195.7,267.4,2200,1,2,1,1,5,8,12,14,3,7,2,15,1,13,9,6,16,11,4,10,5
165663,6,3.2,5.1,6.7,7.5,7.6,9.7,18.0,19.7,21.6,34.7,42.2,93.7,162.4,164.0,352.1,442.0,1000,1,2,0,1,13,6,8,10,16,7,2,15,3,14,5,9,12,11,4,1,4
165668,11,3.3,4.0,4.8,9.6,10.8,18.6,21.7,23.9,28.2,29.4,32.7,43.9,51.1,149.1,170.3,204.3,1200,1,2,1,1,15,16,1,4,11,3,13,6,10,2,7,12,14,5,9,8,1
165669,12,2.5,5.2,7.0,7.9,11.8,14.0,14.6,15.5,30.3,37.9,50.5,89.7,111.1,157.5,206.9,334.0,1600,1,2,1,1,5,2,7,14,16,11,8,6,13,15,10,1,9,3,12,4,2
165671,2,2.5,4.4,5.6,7.9,13.1,15.9,19.4,24.9,34.3,42.6,64.4,86.5,104.0,145.0,167.8,306.2,1400,1,2,1,1,3,10,15,9,13,8,6,12,4,11,14,2,7,1,5,16,2
165674,5,1.9,5.0,5.3,8.3,15.0,18.0,40.3,50.0,91.4,108.3,114.1,134.0,134.3,179.7,274.0,335.5,1800,1,2,1,1,12,13,10,6,11,1,5,16,8,3,15,9,7,14,2,4,1
165676,7,4.6,6.1,7.4,7.5,8.5,9.3,12.5,15.4,17.1,18.0,18.5,29.0,54.4,140.6,151.6,190.7,2400,1,2,1,1,6,7,1,3,2,15,10,4,8,11,9,16,13,5,12,14,9
165678,9,2.7,4.7,6.7,13.4,13.8,15.9,16.0,17.6,19.3,21.4,31.8,36.0,37.4,175.0,176.7,198.4,1200,1,2,1,1,7,15,2,4,3,16,10,12,14,9,6,11,5,13,1,8,1
165679,10,3.0,3.9,6.7,7.4,10.3,14.0,18.7,19.6,34.0,45.9,59.0,86.8,93.1,98.1,118.9,400.1,2000,1,2,1,1,7,2,3,13,11,15,1,8,4,5,10,6,9,16,14,12,1
165680,11,2.5,3.4,7.1,13.8,14.4,19.3,22.5,24.5,29.1,30.1,33.4,61.0,87.1,129.0,136.7,158.0,1000,1,2,0,1,13,16,6,8,14,12,5,1,11,3,7,15,4,9,10,2,2
165682,1,1.7,4.6,6.2,15.4,18.6,22.3,28.6,30.0,47.1,61.8,72.8,114.1,205.2,229.5,269.5,348.6,1300,-1,-1,1,0,2,10,15,8,16,6,13,12,3,1,7,14,11,5,9,4,1
165683,2,3.2,4.7,5.5,7.6,9.2,14.8,17.2,21.8,32.3,33.8,47.0,71.7,77.5,86.9,109.1,164.9,1400,-1,-1,1,0,12,5,16,3,15,14,6,8,7,1,9,4,10,11,13,2,7
165684,3,2.7,3.3,7.3,9.0,10.9,17.4,17.7,24.2,30.4,39.1,85.6,96.5,140.2,167.7,237.9,352.6,1600,-1,-1,1,0,5,6,8,9,11,7,10,16,3,1,15,2,13,4,12,14,2
165685,4,3.4,5.0,5.9,7.8,8.0,14.0,14.8,15.5,20.5,20.8,70.6,118.1,165.5,238.3,282.2,300.6,2400,1,1,1,0,14,3,12,2,1,9,5,10,16,8,11,6,7,13,15,4,1
165686,5,2.9,6.5,6.5,7.1,7.2,8.4,13.4,28.5,33.6,35.5,45.7,125.6,158.0,250.3,326.2,328.5,1800,1,1,1,0,8,9,1,2,11,10,5,14,16,3,15,7,12,4,13,6,1
165689,8,3.2,4.2,5.6,7.9,10.3,13.5,15.4,20.1,29.5,33.1,56.1,86.9,116.7,124.4,202.8,261.9,1400,-1,-1,1,0,11,9,16,7,5,8,13,4,15,12,2,14,10,6,1,3,3
165690,9,4.4,4.6,5.7,6.1,8.2,10.4,20.1,24.9,29.0,34.5,34.8,46.4,52.6,69.9,70.0,158.0,2100,-1,-1,1,0,8,9,10,3,7,6,16,2,1,15,11,4,13,5,12,14,5
165694,1,1.7,5.2,6.8,10.3,14.5,19.3,24.7,53.1,63.8,86.3,89.0,92.0,191.7,195.5,199.6,319.3,1400,-1,1,1,1,5,15,12,7,3,6,9,4,1,8,11,2,10,14,16,13,1
165695,2,3.1,3.6,6.9,7.2,9.6,13.2,23.2,24.6,29.1,38.4,58.4,109.0,117.5,123.1,191.7,298.5,2100,-1,1,1,1,6,11,5,13,3,10,8,2,15,4,1,9,16,14,7,12,2
165697,4,2.7,2.9,4.4,9.2,14.1,30.4,34.7,35.5,45.9,87.3,154.0,165.4,285.9,302.9,320.2,410.3,1600,1,2,1,1,6,4,11,14,16,3,10,1,13,5,7,9,12,2,15,8,2
165698,5,1.6,5.4,10.3,15.3,17.7,19.4,21.2,25.2,25.3,47.1,101.7,106.2,169.4,227.5,232.8,257.5,1800,1,2,1,1,5,13,11,4,9,14,2,8,6,1,12,3,15,16,10,7,9
165700,7,3.4,4.0,5.2,7.5,11.4,13.6,16.3,23.6,27.2,39.6,81.1,84.6,86.6,92.1,128.4,128.7,1600,-1,1,1,1,10,9,7,2,11,15,1,14,3,8,13,5,4,16,12,6,3
165701,8,3.6,3.6,6.4,11.3,13.0,14.5,16.0,18.0,18.8,23.7,34.6,36.3,46.9,96.2,109.2,153.5,1400,-1,1,1,1,14,4,6,13,9,8,11,15,1,2,10,3,16,7,12,5,1
165704,11,2.2,5.0,7.9,8.1,10.3,11.9,20.8,21.3,34.5,43.2,106.6,118.5,161.1,249.4,279.6,344.3,1400,-1,1,1,1,15,9,6,14,11,8,1,16,4,2,12,10,3,7,5,13,1
165706,1,2.0,5.1,7.5,12.0,13.4,13.7,17.1,23.3,26.7,43.2,84.8,92.9,156.3,177.0,209.3,268.9,1300,-1,2,1,0,6,2,3,14,4,12,7,11,15,5,10,1,9,8,16,13,1
165707,2,2.5,3.1,7.8,9.1,16.1,22.1,22.9,27.2,30.3,35.6,42.4,87.5,125.5,127.0,234.6,245.6,1400,-1,2,1,0,14,4,9,12,8,7,13,3,1,6,15,11,5,16,2,10,1
165708,3,2.3,5.4,5.5,10.5,13.6,14.6,18.2,18.3,27.4,34.6,61.1,87.5,166.3,262.0,304.8,375.6,1600,-1,2,1,0,8,7,3,6,10,9,11,1,4,15,16,12,13,14,5,2,1
165710,5,2.5,3.5,4.8,10.4,13.9,16.1,18.1,34.1,46.6,85.0,165.5,211.1,226.1,238.2,405.8,461.0,1800,1,2,1,0,2,1,12,3,10,4,8,16,15,9,6,13,5,14,7,11,1
165711,6,1.6,6.7,9.7,11.1,12.4,18.2,28.4,29.3,30.4,43.7,46.7,192.2,227.9,299.2,317.6,350.1,1400,-1,2,1,0,5,7,6,12,8,11,10,4,3,14,1,16,9,2,15,13,9
165713,8,3.5,4.7,6.4,7.8,10.1,11.0,11.8,14.4,25.0,44.0,66.0,72.4,73.1,76.5,83.8,194.4,1600,-1,2,1,0,9,5,11,15,1,2,7,8,10,3,12,14,4,13,16,6,2
165717,12,2.8,5.7,6.7,7.1,7.4,9.7,20.5,20.8,23.9,46.0,64.0,129.9,155.6,187.0,187.7,350.3,1400,1,2,1,0,1,13,7,6,15,4,2,8,9,10,12,5,3,14,16,11,7
165718,1,3.2,3.6,4.6,7.2,8.4,17.6,21.8,38.1,44.6,60.3,103.4,117.3,234.6,303.0,367.8,374.8,1400,-1,2,1,1,8,12,16,10,6,9,3,15,13,14,11,4,7,1,2,5,1
165719,2,2.5,6.3,6.5,7.5,8.1,14.1,19.5,29.0,30.2,39.2,39.3,44.5,58.3,116.4,126.7,223.4,2100,-1,2,1,1,6,2,3,4,12,16,13,1,14,5,9,15,7,10,11,8,14
165720,3,1.4,5.1,9.7,13.8,24.6,28.9,36.2,36.6,44.8,62.9,74.8,93.0,145.1,191.3,245.6,299.4,1600,-1,2,1,1,10,15,7,2,5,4,16,14,1,6,12,8,3,9,11,13,2
165721,4,1.6,5.7,7.9,8.8,14.6,27.4,35.8,45.9,49.6,50.0,61.1,99.2,184.0,205.3,394.3,595.5,1400,1,2,1,1,5,14,7,8,1,2,11,4,3,6,9,15,16,13,12,10,1
165722,5,3.7,6.1,6.7,6.9,7.0,10.8,15.7,23.8,25.5,33.4,33.6,39.7,43.0,44.3,111.3,120.6,1800,1,2,1,1,12,7,15,2,10,1,9,6,8,4,3,11,5,16,14,13,3
165723,6,1.7,7.2,10.2,11.2,16.8,17.6,19.0,19.2,29.6,31.2,52.4,58.7,61.8,74.8,104.8,279.9,1400,-1,2,1,1,8,2,12,9,14,15,7,11,5,1,3,13,16,6,4,10,1
165724,7,3.6,4.5,5.4,7.4,9.5,11.2,14.5,19.1,34.2,40.1,44.0,52.2,104.7,116.1,165.9,257.7,1800,1,2,1,1,2,1,9,5,8,11,12,7,10,13,3,15,6,4,16,14,5
165725,8,2.4,6.3,6.4,8.7,12.0,13.0,13.9,20.4,29.6,34.9,47.3,56.3,73.7,133.3,283.0,284.4,1300,-1,2,1,1,3,14,5,9,7,2,11,10,13,1,8,15,16,12,6,4,1
165726,9,2.3,6.9,8.7,8.8,9.4,11.9,16.4,17.8,30.6,37.1,44.9,49.8,56.3,77.2,98.2,205.0,1400,1,2,1,1,12,15,1,11,9,13,14,7,8,6,2,4,16,5,10,3,11
165729,12,3.6,3.6,6.7,7.7,12.8,15.2,15.8,20.8,20.9,38.9,39.9,63.1,64.2,64.5,71.5,91.1,1600,-1,2,1,1,12,4,2,10,8,6,11,16,1,5,15,14,9,13,3,7,1
165730,1,2.7,5.8,6.4,7.0,9.2,11.9,15.3,15.5,17.8,100.3,100.7,110.9,190.5,357.0,374.0,436.9,1400,-1,2,1,0,15,1,14,7,8,6,10,12,16,2,3,4,9,13,11,5,1
165731,2,1.4,5.5,8.5,19.1,22.1,28.6,29.9,36.1,48.1,55.4,77.7,158.4,206.8,249.7,275.0,372.7,1400,-1,2,1,0,10,9,4,6,1,2,5,12,8,16,11,3,7,13,14,15,9
165732,3,2.7,3.5,6.5,7.4,11.2,13.1,13.9,33.5,76.3,112.3,121.4,143.1,162.4,204.1,428.1,457.4,1600,-1,2,1,1,12,6,4,7,14,5,9,16,3,15,11,2,1,13,8,10,2
165733,4,2.2,4.6,5.8,8.4,10.1,15.9,26.9,29.7,76.9,91.4,92.7,93.1,159.4,253.2,269.2,413.8,2400,1,2,1,1,14,3,9,6,15,11,2,8,1,16,4,7,13,5,10,12,2
165734,5,2.3,3.5,7.8,11.2,14.7,16.2,17.0,18.3,39.0,49.6,65.5,186.1,189.1,250.6,303.7,359.2,1600,1,2,1,1,6,12,11,7,10,8,1,2,16,15,9,3,5,4,13,14,2
165735,6,1.7,7.4,9.7,12.1,14.5,17.4,23.3,26.4,28.3,29.8,31.7,32.9,51.3,116.4,604.5,667.8,1400,1,2,1,1,16,12,8,7,14,10,2,6,4,11,13,5,9,1,3,15,1
165736,7,1.7,5.5,7.3,12.9,13.0,14.2,29.9,38.1,41.6,49.0,51.3,130.0,161.4,181.6,199.7,249.9,2100,-1,2,1,1,10,15,7,12,5,8,9,14,2,16,3,6,13,1,4,11,7
165740,11,1.3,8.4,13.5,16.3,20.8,24.1,33.7,35.0,38.2,59.0,62.3,81.3,123.9,344.8,403.2,466.7,1600,1,2,1,1,6,13,16,11,8,3,2,14,7,10,12,1,5,15,4,9,1
165742,1,2.2,3.7,5.7,7.8,12.4,23.6,30.1,45.3,66.3,95.1,109.9,153.2,191.1,275.2,301.4,346.0,1400,-1,1,1,0,7,12,14,3,6,10,9,1,11,15,16,2,13,4,8,5,2
165743,2,2.3,2.8,9.0,11.1,12.1,17.1,20.1,34.9,76.1,88.3,118.5,185.1,261.3,285.4,286.6,580.6,2100,-1,1,1,0,9,12,2,8,11,4,6,10,14,13,5,16,7,15,3,1,4
165744,3,3.4,4.0,6.8,7.5,9.5,16.7,17.8,19.4,25.5,27.2,29.6,47.1,51.8,189.8,192.1,224.8,1600,-1,1,1,0,4,13,2,8,5,10,16,14,11,6,9,3,1,12,7,15,1
165745,4,1.6,5.8,7.7,9.0,20.2,28.0,32.5,36.4,51.1,51.8,106.9,108.9,149.7,216.2,293.4,327.8,1600,1,1,1,1,16,1,7,14,3,11,13,12,15,9,4,2,10,8,5,6,2
165746,5,1.4,5.9,10.1,12.4,24.2,32.6,33.4,35.5,37.6,41.8,114.0,114.6,185.1,210.6,233.4,381.7,1600,-1,1,1,1,8,13,1,12,16,3,4,7,15,9,2,11,6,14,10,5,1
165747,6,3.6,5.3,5.3,8.1,9.4,10.5,13.4,14.3,22.0,43.3,57.1,58.5,70.3,140.1,164.5,311.2,1400,-1,1,1,1,4,13,16,15,2,12,9,8,14,5,7,6,1,11,3,10,3
165749,8,2.6,4.6,5.8,7.4,15.9,18.5,19.6,19.8,26.7,34.1,45.9,53.4,90.0,205.4,255.8,309.6,1300,-1,1,1,1,14,2,5,1,3,8,15,16,4,6,11,13,12,7,10,9,1
165750,9,4.0,4.4,6.1,9.3,10.0,10.2,13.1,18.7,20.2,25.0,35.4,43.1,75.3,88.2,107.0,135.6,1600,1,1,1,1,14,10,1,9,5,13,16,12,8,4,11,15,2,7,6,3,1
165751,10,1.7,4.4,7.2,12.4,13.6,15.7,39.4,49.4,58.2,63.6,98.6,130.2,149.7,278.3,303.5,358.0,1400,1,1,1,1,3,8,11,2,9,5,16,12,15,14,13,4,10,1,7,6,1
165753,12,3.4,3.7,8.3,8.9,11.8,12.7,14.3,15.9,19.1,24.9,29.5,64.3,88.5,113.6,180.8,196.1,1600,-1,1,1,1,14,13,1,10,4,5,7,15,8,9,2,16,6,3,11,12,4
165754,1,2.7,3.2,9.4,10.4,11.7,13.3,16.0,25.3,27.5,34.3,92.8,109.9,120.7,159.5,213.1,248.1,1400,-1,2,1,0,16,3,6,13,5,9,8,4,7,2,14,10,15,12,1,11,1
165755,2,2.0,2.5,10.2,10.6,19.9,28.6,34.1,46.4,60.3,155.6,176.9,187.1,270.5,397.0,462.1,524.0,1300,-1,2,1,-1,8,9,10,16,1,11,2,5,3,7,15,4,13,14,12,6,2
165756,3,2.6,4.0,7.9,11.0,11.4,13.9,19.2,19.3,21.9,37.3,46.3,55.9,73.0,159.7,187.4,226.2,1600,-1,2,1,-1,4,10,6,2,9,3,12,15,16,7,8,5,14,13,1,11,2
165758,5,2.2,4.4,4.6,8.2,18.4,21.2,23.6,41.1,45.8,67.5,155.7,158.6,189.5,193.3,270.3,420.5,1800,1,2,1,-1,7,9,15,6,10,12,11,14,8,13,4,1,16,5,2,3,1
165759,6,2.5,6.8,6.9,7.2,8.6,12.2,21.1,23.6,27.1,30.8,31.5,60.7,73.9,78.3,309.3,487.5,1600,1,2,1,-1,3,8,6,2,1,12,10,11,9,15,7,13,4,14,16,5,1
165760,7,2.4,3.2,10.0,11.0,13.2,20.3,21.8,28.4,30.1,34.5,44.2,51.5,74.7,130.0,200.3,304.5,1400,-1,2,1,-1,3,13,5,15,7,4,6,12,11,1,16,2,9,14,10,8,1
165761,8,3.3,3.8,4.3,10.3,13.7,15.3,17.0,18.8,27.3,33.2,74.8,82.7,138.1,148.3,153.1,202.9,1600,-1,1,1,-1,15,4,5,9,2,6,13,14,7,8,16,12,10,1,11,3,6
165764,11,4.2,5.6,6.3,6.8,8.1,11.2,14.0,14.2,23.0,26.1,26.3,46.4,46.8,126.9,180.7,318.8,3400,1,1,1,-1,7,16,11,10,15,2,5,3,13,14,1,8,4,6,12,9,4
165766,1,2.1,5.1,6.1,9.3,10.8,13.0,27.6,31.5,34.6,41.8,165.6,183.7,206.7,214.3,330.5,521.6,1400,-1,-2,1,0,7,5,15,9,4,10,13,6,14,2,1,8,3,12,16,11,15
165767,2,2.7,3.9,4.5,9.8,13.1,13.2,23.6,26.8,42.6,77.9,89.7,90.7,108.3,173.8,237.6,436.8,2100,-1,-2,1,0,2,13,4,8,11,7,6,12,3,10,16,14,1,15,5,9,9
165768,3,4.6,4.8,5.6,6.5,7.7,8.5,10.8,22.2,25.6,28.7,73.4,114.8,145.9,145.9,157.8,409.8,1600,-1,-2,1,0,15,14,3,12,13,1,16,2,11,9,5,8,4,10,6,7,1
165769,4,2.5,5.4,6.0,7.2,10.5,11.8,15.7,27.5,49.7,50.0,50.1,62.0,265.1,332.6,374.3,378.6,1600,1,-1,1,0,9,10,12,6,11,2,4,3,13,7,1,16,5,15,8,14,3
165770,5,3.1,5.1,5.5,6.2,7.6,15.5,17.4,26.9,35.0,54.3,59.7,65.4,80.1,85.1,182.5,342.2,1800,1,-1,1,1,12,16,8,13,11,4,15,2,7,6,10,1,3,5,9,14,5
165771,6,1.5,6.3,7.2,14.3,15.0,25.6,31.7,39.0,49.9,55.4,73.8,74.7,88.4,96.0,239.5,263.8,1400,-1,-1,1,1,13,1,12,7,6,11,16,10,8,14,3,2,5,4,15,9,4
165772,7,3.0,3.7,7.1,7.4,9.6,15.7,18.8,25.0,39.9,42.3,44.0,65.4,66.7,84.5,172.6,243.5,1800,1,-1,1,1,3,14,16,2,1,5,15,6,9,11,8,4,13,10,12,7,1
165773,8,3.9,5.1,5.8,8.1,13.1,13.3,13.8,15.9,16.4,18.3,26.2,44.3,45.1,60.3,182.6,185.5,1400,1,-1,1,1,7,12,2,1,13,14,9,4,6,16,3,8,10,15,5,11,3
165776,11,2.4,5.1,7.2,7.9,9.0,13.2,18.1,34.2,40.0,50.5,56.2,62.0,86.8,144.8,149.7,267.6,1600,-1,-1,1,1,7,14,5,3,2,6,4,11,13,9,10,8,16,1,15,12,2
165777,12,3.7,4.0,5.6,7.3,8.1,10.1,20.1,22.4,42.9,48.8,53.0,69.8,90.3,98.2,201.3,247.5,1400,-1,-1,1,1,7,4,5,1,2,11,13,12,8,6,15,10,16,3,9,14,2
165778,1,2.4,4.3,7.9,9.1,9.1,10.6,15.9,32.8,37.9,47.8,123.3,184.5,211.3,261.6,336.7,462.5,1400,-1,2,1,0,12,16,13,2,4,7,3,6,9,5,11,10,15,14,8,1,5
165779,2,3.1,3.9,4.8,6.7,9.2,12.1,23.5,31.9,39.6,66.6,119.5,203.1,277.9,294.0,348.5,488.4,1600,-1,2,1,0,10,15,2,6,13,12,9,3,7,5,16,8,1,14,4,11,5
165780,3,2.8,3.2,4.7,8.2,11.4,16.9,19.8,66.7,69.2,154.7,176.1,200.7,217.8,328.9,425.7,472.0,1300,-1,2,1,0,15,5,1,14,13,8,12,7,11,6,9,4,2,3,16,10,2
165784,7,2.0,4.7,5.6,7.6,14.2,23.8,29.7,34.7,46.8,76.9,98.1,155.2,244.6,324.2,343.6,349.2,1400,-1,2,1,0,7,4,10,8,15,12,3,2,9,6,1,13,5,14,16,11,1
165788,11,2.5,5.1,6.3,7.5,7.9,16.4,22.6,28.5,42.7,44.8,50.6,54.6,61.0,144.9,245.1,287.0,1400,-1,2,1,0,14,12,8,13,16,6,3,5,11,1,9,7,4,15,10,2,4
165789,12,2.2,4.1,8.4,9.9,12.8,18.8,19.5,25.9,28.8,50.8,58.7,62.4,67.5,128.7,138.6,188.3,1600,-1,2,1,0,6,3,2,13,1,14,12,15,10,5,11,16,7,4,8,9,1
165790,1,2.5,3.0,5.8,6.7,12.7,30.1,31.8,60.3,85.2,99.9,104.2,160.5,179.4,201.2,379.1,461.2,1600,-1,2,1,-1,3,11,9,16,8,14,1,10,12,4,15,13,7,5,2,6,1
165791,2,1.8,5.2,7.8,9.2,14.4,19.4,20.8,27.2,37.9,69.0,92.6,109.9,110.6,131.7,153.5,212.4,1400,-1,2,1,-1,9,5,13,1,4,3,6,2,14,10,8,15,16,7,12,11,9
165792,3,2.5,5.6,6.3,8.6,8.7,17.3,20.0,22.5,25.8,29.0,49.4,49.7,50.0,148.4,259.1,500.8,2100,-1,2,1,0,4,12,16,11,1,6,13,5,7,2,15,8,3,14,9,10,3
165796,7,2.8,3.8,6.5,9.0,9.1,14.8,17.8,33.4,34.0,36.7,61.4,77.4,78.9,160.1,352.5,427.2,1400,-1,2,1,0,16,12,2,9,14,10,7,8,6,4,5,3,11,15,1,13,2
165799,10,2.9,5.5,6.5,7.5,7.9,11.4,16.3,24.7,26.3,39.5,40.9,42.0,120.3,166.2,199.5,305.4,1600,-1,2,1,0,4,16,12,7,11,2,9,15,6,14,5,10,1,3,13,8,5
165802,1,2.8,3.3,6.1,7.7,12.8,13.8,17.4,22.5,68.5,79.0,103.7,169.6,190.1,208.5,264.6,421.1,1400,-1,1,1,1,13,3,5,1,9,12,15,6,16,4,11,8,10,14,7,2,1
165807,6,2.7,4.6,6.3,7.8,13.2,17.2,17.6,27.9,30.0,32.7,32.8,39.3,53.0,120.1,168.9,223.0,1600,-1,2,1,1,15,13,11,1,7,10,8,12,3,6,5,16,2,9,14,4,11
165813,12,2.7,4.3,7.0,7.2,11.2,13.7,15.2,25.1,32.8,40.8,48.9,98.1,103.7,119.7,172.1,218.4,1300,-1,2,1,1,11,8,5,10,4,2,14,6,15,3,7,13,1,12,16,9,2
165814,1,3.7,4.0,5.7,6.6,8.5,13.8,14.4,22.0,35.3,35.7,40.0,125.5,163.5,181.0,192.9,216.8,1300,-1,2,1,1,5,10,8,9,13,16,11,14,6,15,1,7,3,12,4,2,2
165815,2,2.4,4.6,5.0,6.9,10.2,19.0,24.3,38.6,42.5,61.4,92.3,244.4,261.4,365.9,383.3,411.3,1600,-1,2,1,1,5,15,4,7,12,8,6,3,14,1,16,10,2,9,13,11,2
165819,6,2.9,4.3,5.1,6.7,10.7,15.7,18.8,22.4,32.0,56.4,63.4,134.1,177.1,229.2,473.5,474.9,1400,-1,2,1,1,15,2,12,5,6,11,16,4,1,9,8,14,3,13,7,10,1
165822,9,1.8,8.1,8.2,8.6,10.1,13.9,15.7,27.7,47.1,53.4,99.3,134.0,213.7,299.6,364.8,436.7,2400,1,2,1,1,12,6,5,3,1,9,10,2,8,11,13,15,14,4,7,16,5
165823,10,2.3,5.5,6.3,9.0,10.1,10.9,17.5,29.6,48.6,53.1,65.4,96.9,121.1,176.8,181.5,246.0,1400,1,2,1,1,6,3,2,8,14,5,16,15,10,1,13,4,11,9,12,7,5
165825,12,3.6,4.6,4.6,6.2,9.6,10.6,20.7,30.4,38.7,50.2,73.2,85.5,96.5,99.2,143.0,193.3,2100,-1,2,1,1,15,8,10,1,12,5,14,9,11,7,16,6,3,13,2,4,5
165826,1,2.5,4.4,6.4,8.6,9.9,15.8,16.9,23.5,28.8,53.7,75.8,77.8,185.9,226.3,266.3,319.5,1400,-1,2,1,1,1,8,9,12,2,14,7,3,5,6,11,10,15,13,4,16,1
165828,3,2.7,3.4,3.5,7.1,17.0,17.1,75.7,83.6,90.7,126.3,156.6,263.1,269.6,271.7,368.2,457.1,1600,-1,2,1,1,16,7,13,1,15,12,11,14,4,2,6,5,3,10,9,8,3
165829,4,2.2,3.1,9.9,10.6,16.0,18.4,22.7,23.5,58.7,60.4,62.2,96.6,114.1,266.3,292.0,348.4,1300,-1,2,1,1,2,12,16,1,15,14,7,13,9,6,11,10,4,5,3,8,1
165837,12,2.7,4.3,9.9,11.1,13.7,13.8,14.8,15.0,17.1,27.1,29.2,33.8,71.2,121.2,139.3,228.6,1600,-1,2,1,1,6,1,5,10,12,4,13,9,7,3,2,11,15,14,8,16,10
165839,2,4.0,4.0,5.4,6.7,8.0,14.0,14.3,24.0,39.9,44.1,48.2,60.5,61.5,144.7,208.2,229.3,1400,-1,2,1,1,6,10,8,1,9,13,14,2,4,15,12,7,3,11,5,16,8
165844,7,2.8,3.0,6.5,7.7,12.9,15.6,17.2,38.6,72.7,74.4,82.1,117.0,124.3,140.0,191.9,236.0,1300,-1,2,1,1,10,1,5,8,13,3,14,7,16,15,6,2,9,12,4,11,1
165849,12,3.6,5.5,5.6,6.3,8.0,10.6,12.4,29.5,31.3,46.7,46.8,60.3,65.5,86.3,126.9,245.3,1400,-1,2,1,1,2,10,4,7,12,11,13,5,6,1,15,14,3,8,9,16,12
165850,1,2.2,3.1,4.7,12.6,19.6,21.1,31.5,44.1,106.0,110.8,112.2,176.3,193.1,202.3,305.4,318.4,1600,-1,2,1,1,9,12,2,7,15,5,4,3,6,16,13,10,8,11,14,1,8
165851,2,1.7,5.0,6.2,10.5,20.7,24.9,29.1,31.7,54.3,54.4,213.3,260.0,261.4,283.8,311.3,528.9,1300,-1,2,1,1,6,11,16,9,15,7,10,5,2,4,8,14,12,13,3,1,1
165852,3,2.8,3.2,7.4,7.7,7.8,13.3,17.3,53.8,107.2,108.1,121.9,156.2,192.3,243.9,456.1,461.7,1600,-1,2,1,1,9,8,14,1,11,13,7,4,15,10,5,16,3,6,2,12,1
165855,6,3.0,4.1,6.6,7.8,11.7,13.2,14.0,16.8,23.7,45.8,63.3,102.8,116.5,156.5,207.1,340.5,1400,-1,2,1,1,14,5,3,13,2,11,4,16,8,6,7,1,12,15,10,9,1
165857,8,4.1,4.5,6.2,6.7,8.5,9.5,12.2,18.4,25.3,37.9,49.2,66.1,88.2,164.8,286.5,471.0,1400,-1,2,1,1,14,10,12,3,7,6,11,8,5,4,1,15,13,2,9,16,2
165860,11,3.3,4.3,4.5,9.2,9.3,19.0,19.9,24.8,31.1,43.3,44.7,46.8,56.4,82.0,89.0,240.9,1400,1,2,1,1,9,1,10,16,6,11,13,2,7,8,14,3,15,5,4,12,3
165861,12,2.9,6.6,6.9,7.0,8.9,11.2,12.3,14.3,24.7,37.6,39.6,67.4,172.1,200.6,249.7,383.1,1600,-1,2,1,1,5,15,12,6,8,10,9,14,4,13,7,1,3,11,2,16,2
165862,1,3.1,4.0,7.2,7.4,7.5,9.3,12.4,26.2,54.5,103.1,106.3,233.2,238.5,251.4,320.9,345.3,1600,-1,2,1,0,15,3,5,12,8,1,9,6,11,4,2,14,7,16,13,10,4
165863,2,2.4,4.7,6.4,7.1,7.2,12.2,24.2,27.6,45.3,186.7,187.8,351.9,367.2,508.5,584.3,648.9,1400,-1,2,1,1,10,1,6,7,5,2,9,4,11,12,13,3,15,14,8,16,2
165866,5,3.6,4.3,4.8,6.0,11.9,12.1,15.6,26.4,28.4,53.3,53.7,94.2,102.0,128.8,257.3,453.4,1600,-1,2,1,1,13,12,14,7,5,16,1,9,6,15,11,3,8,10,4,2,6
165867,6,2.6,4.0,5.2,6.8,7.3,18.1,37.8,54.4,57.4,74.7,78.7,201.1,218.5,222.7,686.6,749.6,1400,1,2,1,1,5,3,2,14,1,8,11,12,7,16,13,6,15,4,10,9,1
165874,1,3.4,3.5,5.0,9.2,10.7,10.8,19.7,24.5,27.7,71.5,73.1,90.7,109.6,270.5,280.3,427.6,1400,-1,2,1,1,7,16,9,4,12,11,1,5,13,10,2,3,14,8,15,6,3
165875,2,2.1,3.5,4.9,7.2,18.4,45.0,45.6,55.5,62.6,114.7,127.7,245.7,253.5,431.1,557.2,803.4,1600,-1,2,1,1,11,8,7,9,1,4,14,10,2,3,5,15,16,12,13,6,15
165876,3,1.7,5.8,6.3,14.1,16.5,22.4,22.7,24.1,24.3,59.6,66.6,83.8,203.5,247.4,277.2,507.3,1300,-1,2,1,1,14,13,2,4,6,1,15,9,10,7,3,12,8,11,16,5,3
165880,7,4.0,6.7,7.0,7.2,7.7,8.5,13.4,16.6,21.5,23.0,25.1,32.4,64.7,121.1,143.8,274.6,1600,-1,2,1,1,6,3,14,10,9,16,5,2,1,15,8,13,7,12,11,4,4
165881,8,1.8,5.7,6.3,7.6,17.0,22.3,23.8,24.5,53.0,58.7,156.3,240.2,275.9,308.8,444.7,510.0,1400,-1,2,1,1,4,11,10,12,13,7,2,1,8,5,9,14,3,16,6,15,2
165883,10,4.2,5.4,5.5,6.6,9.8,10.0,14.4,17.3,18.2,28.0,41.8,47.4,58.9,96.3,220.1,353.0,2100,-1,2,1,1,3,16,13,1,11,8,4,14,5,15,6,10,2,12,9,7,12
165886,1,2.7,3.9,4.4,8.5,9.6,17.7,22.3,24.9,89.7,110.9,146.7,171.9,220.2,322.5,428.4,522.3,1600,-1,2,1,1,10,4,7,15,5,16,12,14,6,1,13,11,2,9,8,3,1
165887,2,1.9,4.5,9.4,9.9,14.4,20.9,22.2,31.2,35.3,41.0,66.1,66.7,82.9,250.6,254.3,314.1,1400,-1,2,1,1,14,2,7,11,15,4,12,10,8,9,6,3,5,16,13,1,5
165892,7,1.9,3.7,7.5,18.9,19.9,22.1,22.2,23.5,32.3,37.1,41.1,107.2,125.7,288.2,288.5,385.4,2000,1,2,1,1,14,13,11,1,6,8,9,2,15,5,7,3,12,16,4,10,3
165893,8,2.8,3.9,4.7,8.0,14.5,17.3,17.7,35.1,35.8,49.3,70.3,94.2,99.8,204.7,210.9,223.0,1400,-1,2,1,1,12,6,13,15,11,16,2,10,3,9,7,14,1,8,5,4,2
165897,12,4.1,4.6,5.7,9.2,9.3,12.0,15.3,18.4,22.4,22.5,41.0,44.2,45.7,50.2,75.0,133.6,2100,-1,2,1,1,15,6,12,3,7,4,14,11,16,8,1,5,10,13,9,2,2
165898,1,3.5,3.8,5.4,6.9,7.9,14.7,14.9,23.4,52.1,65.6,84.2,112.0,115.0,190.5,227.7,292.7,1200,-1,2,-1,1,12,13,5,10,11,3,7,8,16,9,2,15,6,1,14,4,1
165899,2,2.6,3.4,5.8,8.8,13.7,15.1,15.8,35.7,55.3,57.3,83.6,182.5,252.2,313.1,379.2,421.4,1800,-1,2,-1,1,11,6,10,3,15,9,5,8,13,7,12,1,4,2,16,14,7
165900,3,3.6,5.2,7.3,7.8,8.6,10.3,11.0,13.0,29.1,37.9,40.0,48.3,76.5,101.9,154.3,230.5,1200,-1,2,-1,1,12,3,16,7,5,15,11,2,8,1,13,4,10,6,14,9,1
165901,4,2.4,3.0,8.1,8.2,13.6,16.1,33.0,52.1,56.8,62.1,72.9,76.7,83.5,104.2,276.3,280.8,1800,-1,2,-1,1,10,7,1,14,2,11,6,9,13,12,15,16,3,4,8,5,1
165904,7,4.4,4.4,5.0,7.1,10.3,12.6,15.4,19.3,27.3,28.5,54.3,54.4,58.2,60.1,69.8,70.0,1800,-1,2,-1,1,1,3,13,12,8,14,7,4,11,9,2,16,10,5,6,15,4
165905,8,3.3,4.5,6.9,7.8,10.4,11.5,12.8,15.7,18.7,40.3,48.8,74.5,82.2,152.2,204.0,204.7,1200,-1,2,-1,1,12,1,6,16,7,5,9,4,8,14,13,3,15,2,11,10,4
165909,12,1.8,5.6,10.8,13.4,14.3,15.6,18.9,21.3,29.8,31.1,46.8,67.8,104.0,136.6,177.3,345.4,1600,1,2,-1,1,8,2,3,15,4,7,12,5,11,13,9,6,10,14,16,1,1
165911,2,2.2,4.0,6.5,12.3,14.0,14.3,21.9,28.1,41.5,46.4,65.1,77.7,93.6,193.2,281.0,440.0,1800,-1,2,-1,1,7,15,14,11,2,1,6,9,5,16,8,13,12,4,10,3,9
165912,3,1.8,4.6,7.3,11.5,13.1,15.7,19.2,21.0,68.3,148.2,189.9,218.6,229.5,245.0,275.6,282.8,1200,-1,2,-1,1,1,8,13,3,10,6,16,5,12,4,15,9,14,7,11,2,1
165914,5,3.1,5.2,6.6,9.6,10.5,11.4,13.6,16.8,29.6,30.7,35.2,45.7,52.5,81.5,99.5,100.4,1600,1,2,-1,1,12,4,9,11,13,16,8,15,2,10,14,6,3,1,7,5,4
165915,6,2.5,3.9,4.8,8.9,11.4,17.8,19.1,50.4,59.4,75.3,99.3,112.9,132.6,149.8,195.1,240.9,1200,1,2,-1,1,15,5,2,6,12,10,9,1,11,3,7,4,16,8,13,14,1
165916,7,3.4,4.6,5.1,8.3,11.0,14.2,18.8,22.6,31.3,31.5,42.9,43.6,45.5,49.4,58.8,144.7,1800,-1,2,-1,1,13,12,15,7,8,9,16,14,5,1,6,2,11,3,4,10,7
165920,11,5.7,5.9,6.2,6.4,7.2,11.7,12.9,13.0,13.3,32.9,36.2,36.6,51.2,53.9,100.5,141.9,1800,-1,2,-1,1,1,10,13,15,14,12,4,3,11,9,2,6,8,5,16,7,12
165921,12,3.3,3.8,5.8,6.4,8.3,15.0,21.1,22.4,33.9,47.8,103.0,128.2,135.2,169.8,183.8,240.8,1600,1,2,-1,1,12,15,7,2,3,9,14,8,16,13,4,11,1,10,6,5,5
165922,1,2.7,3.8,4.2,9.0,13.0,15.2,26.7,28.6,48.6,51.3,102.5,199.1,248.7,274.7,279.5,355.1,1200,-1,2,-1,1,16,1,4,13,11,10,9,12,15,7,5,3,14,2,8,6,5
165923,2,2.8,3.0,7.8,10.7,13.1,15.5,18.6,25.2,30.8,45.9,53.8,55.5,80.3,232.4,242.2,308.8,1800,-1,2,-1,1,5,9,14,13,2,11,6,3,8,16,12,7,15,10,1,4,4
165924,3,3.7,4.7,5.9,6.0,8.8,9.4,17.4,20.3,24.5,34.6,68.2,81.2,117.9,123.0,302.7,328.2,1800,-1,2,-1,1,8,14,13,6,9,15,2,11,7,16,12,5,3,4,1,10,15
165926,5,2.5,4.5,6.5,8.4,10.3,14.4,14.8,21.6,23.8,54.4,87.7,113.6,196.6,201.6,439.2,498.3,2200,1,2,-1,1,7,8,15,2,3,4,14,6,10,5,9,12,13,1,16,11,2
165927,6,1.6,5.8,7.9,8.6,13.1,22.3,37.2,46.9,63.9,68.5,85.8,100.8,161.0,211.0,235.5,259.7,1600,1,2,-1,1,6,5,4,12,8,2,13,14,15,3,1,10,16,9,7,11,2
165928,7,3.1,5.0,5.5,6.9,9.4,10.5,21.9,27.0,36.5,37.0,38.4,71.9,82.5,99.4,142.2,172.0,1800,-1,2,-1,1,7,1,5,13,8,6,2,15,16,4,10,3,14,11,9,12,9
165929,8,2.6,4.1,4.7,14.5,17.0,18.4,19.9,22.9,23.5,38.1,39.1,56.9,86.3,123.3,135.9,269.8,1200,-1,2,-1,1,14,10,9,16,2,3,15,12,6,5,7,11,1,8,13,4,1
165930,9,3.8,4.4,4.7,4.8,13.2,14.3,15.1,18.6,37.3,63.7,106.6,140.0,157.1,182.0,185.1,276.7,2000,1,2,-1,1,8,6,15,4,1,9,13,14,12,7,11,3,16,5,10,2,2
165933,12,4.8,5.1,5.8,6.1,7.4,9.1,18.3,20.1,21.7,22.3,33.7,74.1,82.7,110.8,219.4,223.4,1200,1,2,-1,1,10,1,2,13,16,8,11,4,14,5,15,12,9,7,3,6,2
165934,1,3.6,5.0,5.1,5.8,7.9,12.2,18.2,21.5,21.9,51.1,82.9,133.5,145.9,166.3,184.3,215.8,1200,-1,2,-1,1,1,9,11,7,12,14,10,16,13,2,4,5,3,8,15,6,3
165935,2,1.5,6.1,9.3,9.9,15.0,22.0,24.8,40.5,97.7,133.8,166.5,188.7,268.1,294.6,418.7,427.5,1800,-1,2,-1,1,3,14,7,15,9,13,2,6,11,5,10,16,8,4,1,12,1
165936,3,2.0,3.8,5.1,15.6,20.5,31.9,32.3,34.0,46.2,46.7,59.1,64.9,69.6,96.1,132.5,223.5,1200,-1,2,-1,1,11,15,9,8,14,16,3,2,10,12,5,4,1,7,6,13,2
165937,4,2.3,4.8,6.7,7.6,10.1,13.5,24.7,25.9,38.4,68.9,74.3,90.3,98.3,122.7,160.4,258.0,1800,-1,2,-1,1,11,6,9,15,8,4,16,12,14,1,10,7,13,3,5,2,10
165938,5,3.5,4.1,5.6,5.9,8.9,9.0,15.0,45.3,50.8,60.0,98.9,124.1,174.7,191.2,311.9,347.4,1600,1,2,-1,1,5,13,1,4,16,14,12,11,3,9,6,8,10,7,2,15,7
165939,6,1.5,8.1,10.2,10.7,13.1,16.3,18.0,19.6,50.5,73.2,77.0,128.0,274.1,315.9,347.9,488.9,2000,1,2,-1,1,1,16,5,4,14,15,11,7,10,13,9,6,12,8,2,3,1
165940,7,4.9,5.2,5.5,5.7,9.3,13.1,13.3,14.1,24.5,27.0,30.7,50.8,53.6,76.1,105.7,115.4,1200,-1,2,-1,1,12,15,3,4,16,13,7,5,6,14,11,9,8,1,10,2,3
165941,8,3.9,4.2,5.8,6.3,12.8,14.4,16.5,21.9,25.7,27.4,31.6,39.2,58.9,62.7,86.9,144.5,1800,-1,2,-1,1,9,15,13,6,3,10,11,12,14,7,4,8,5,2,16,1,4
165942,9,3.2,4.7,7.3,8.6,13.0,14.0,14.2,16.9,21.7,24.1,29.6,44.7,49.8,56.1,73.7,126.4,2400,-1,2,-1,1,10,3,4,1,5,7,16,9,12,2,14,6,13,15,8,11,6
165943,10,4.0,4.3,6.7,7.9,8.4,12.2,13.2,15.4,25.9,28.0,48.0,50.9,55.8,71.3,125.4,147.2,1200,1,2,-1,1,5,4,12,6,16,2,7,1,3,9,8,15,10,14,11,13,9
165944,11,5.7,6.6,6.8,8.0,9.0,10.2,11.6,11.9,16.4,17.8,20.4,31.3,31.6,36.2,60.1,165.3,1600,1,2,-1,1,12,11,6,13,14,3,5,10,9,4,15,7,16,8,1,2,3
165945,12,4.4,5.1,5.5,7.2,9.2,10.0,17.8,20.7,23.0,23.2,28.6,33.4,38.1,100.2,128.3,169.4,2200,1,2,-1,1,4,1,9,8,15,10,5,7,6,16,11,14,3,2,12,13,5
165946,1,1.9,3.5,8.3,10.5,17.8,18.3,18.9,44.3,70.6,85.8,116.0,120.9,234.6,275.5,297.5,400.6,1200,-1,2,-1,1,13,10,6,1,16,9,8,7,2,4,15,3,14,12,5,11,2
165947,2,1.2,9.1,9.9,17.3,18.0,27.7,35.2,56.9,66.1,80.8,143.1,278.7,328.7,333.3,419.4,660.5,1800,-1,2,-1,1,9,1,13,7,15,3,11,12,6,5,4,14,2,16,8,10,1
165948,3,4.2,4.5,4.6,6.1,12.2,12.6,13.4,13.7,26.5,35.9,57.3,126.0,204.8,270.2,309.9,392.9,1200,-1,2,-1,1,10,6,16,15,2,1,5,7,11,13,4,9,14,3,12,8,6
165949,4,3.8,5.8,6.9,7.1,8.1,11.1,14.1,14.6,23.8,31.4,35.6,39.0,43.2,62.7,100.8,199.1,1800,-1,2,-1,1,8,3,7,15,12,16,9,14,10,6,11,2,4,5,13,1,7
165950,5,1.7,4.2,7.9,9.3,11.4,23.1,37.6,91.9,106.6,136.8,146.6,273.4,288.5,309.7,352.3,542.4,2000,1,2,-1,1,10,15,6,9,8,12,2,16,7,5,3,14,4,11,1,13,1
165951,6,3.3,6.0,6.1,7.0,10.7,12.0,12.3,14.5,17.3,25.9,36.1,69.3,139.4,233.3,235.5,361.1,1200,-1,2,-1,1,13,14,1,16,12,8,15,3,9,2,6,4,5,7,10,11,3
165952,7,3.3,5.6,7.5,7.6,9.4,12.1,12.5,18.5,19.9,24.6,25.8,51.1,54.7,97.5,149.5,215.2,1800,-1,2,-1,1,15,4,14,12,5,3,6,1,8,11,10,2,9,7,16,13,3
165953,8,2.9,5.6,6.2,7.5,8.3,17.0,20.4,22.4,28.0,28.9,40.2,40.2,41.7,56.3,139.1,175.8,1200,-1,2,-1,1,7,16,9,5,14,15,4,1,11,12,6,3,10,8,2,13,1
165955,10,3.0,6.1,7.0,8.6,9.1,10.9,14.5,26.8,27.9,31.0,31.9,33.7,34.0,35.8,172.4,252.7,1200,-1,2,-1,1,2,11,3,15,16,9,14,1,5,12,10,6,4,8,13,7,3
165956,11,2.8,5.7,8.3,10.9,12.3,12.5,18.3,19.4,20.0,22.7,28.0,31.2,32.5,49.1,50.1,62.6,1200,1,2,-1,1,13,6,5,10,9,12,8,3,15,4,11,16,7,1,2,14,8
165957,12,1.9,4.6,5.2,10.4,14.4,24.5,42.1,42.9,45.4,52.1,94.9,107.9,134.7,197.8,212.4,246.0,2000,1,2,-1,1,15,4,2,5,13,7,11,1,9,12,8,10,3,14,16,6,1
165958,1,1.5,6.9,7.0,10.7,26.4,26.8,29.7,36.0,56.8,78.2,81.8,109.7,131.0,138.1,161.2,297.5,1200,-1,2,-1,1,12,10,5,4,2,13,14,8,6,7,15,1,3,16,9,11,10
165959,2,3.0,4.3,4.6,7.8,9.6,11.0,15.4,32.6,60.6,66.7,101.0,160.7,207.8,293.2,362.7,495.4,1800,-1,2,-1,1,12,5,3,14,2,6,9,1,4,7,15,8,11,13,16,10,1
165960,3,1.6,4.9,6.6,12.8,22.7,29.0,31.2,37.4,49.4,63.5,83.6,83.8,97.3,245.3,304.4,349.6,1800,-1,2,-1,1,13,16,3,15,2,14,7,6,9,5,4,8,10,1,11,12,1
165962,5,2.5,3.2,5.5,9.1,12.4,23.2,26.0,37.6,46.5,48.8,132.6,147.5,267.8,380.4,392.8,442.3,1600,1,2,-1,1,1,5,8,7,4,16,14,13,2,3,9,15,10,11,6,12,2
165963,6,3.5,4.4,6.0,8.2,9.7,13.0,14.2,18.3,20.8,33.0,35.5,57.2,76.2,114.0,145.6,180.5,2000,1,2,-1,1,16,5,4,6,15,2,9,13,12,8,7,3,11,1,14,10,4
165964,7,3.1,5.1,6.2,6.8,10.8,12.5,17.7,19.1,26.2,34.9,49.3,53.7,62.1,69.7,95.2,241.4,1200,-1,2,-1,0,16,5,7,4,10,13,15,12,3,8,14,11,2,9,1,6,4
165965,8,2.7,5.2,5.2,5.6,11.5,23.1,25.9,33.6,38.6,39.8,44.3,48.7,70.6,128.9,203.1,211.4,1800,-1,2,-1,0,8,14,6,1,11,13,15,12,4,3,5,9,16,10,7,2,2
165969,12,2.9,4.1,7.9,9.8,11.3,13.4,15.1,28.0,28.9,39.2,41.8,42.8,44.1,44.7,53.8,90.0,2200,1,2,-1,0,5,4,3,10,14,16,6,2,1,15,8,11,9,13,7,12,4
165970,1,2.1,3.0,6.6,9.3,19.2,28.3,41.5,45.3,53.7,59.4,66.8,100.6,153.3,265.8,311.7,394.1,1200,-1,1,-1,0,14,8,11,16,3,1,6,5,10,4,7,13,12,15,9,2,4
165971,2,1.8,7.5,7.8,9.4,11.7,15.3,19.1,20.5,46.3,47.0,53.7,69.4,199.4,208.7,272.7,558.1,1800,-1,1,-1,0,7,5,2,12,3,16,15,11,6,4,1,14,8,13,10,9,2
165972,3,2.5,4.2,4.2,6.5,6.6,48.7,53.9,86.3,110.5,178.5,218.1,243.9,244.2,297.1,318.3,646.3,1200,-1,1,-1,0,5,3,7,13,8,12,4,11,1,9,14,6,2,15,10,16,5
165973,4,2.7,6.0,6.4,9.6,10.6,12.5,14.1,14.9,19.6,36.3,39.2,99.5,116.3,117.1,137.2,154.5,1800,-1,1,-1,0,16,7,12,13,3,15,4,9,2,14,1,6,5,11,10,8,5
165974,5,2.9,3.7,4.3,6.0,17.3,24.5,25.9,29.6,36.9,55.6,86.0,159.0,273.2,302.1,436.6,564.0,2200,1,2,-1,0,9,3,12,8,13,2,14,6,11,1,4,5,16,10,7,15,4
165975,6,2.9,5.4,6.3,7.2,7.3,8.9,22.1,24.7,41.8,56.5,60.9,75.6,85.7,104.2,229.7,279.3,1600,1,2,-1,0,3,12,6,9,15,7,8,5,14,1,2,11,16,13,10,4,5
165977,8,1.9,6.5,7.9,11.2,12.7,21.7,22.4,25.3,29.5,31.7,32.6,32.6,44.4,214.8,252.4,306.4,1200,-1,1,-1,0,12,5,8,15,16,10,11,13,1,7,2,4,14,3,9,6,2
165979,10,3.3,4.9,6.6,8.1,9.1,12.2,13.3,15.5,23.7,33.5,45.2,65.0,68.3,109.9,170.3,332.8,1200,-1,1,-1,0,12,15,5,1,4,9,8,2,6,3,11,16,14,10,7,13,13
165982,1,3.2,4.2,5.4,6.8,9.0,11.7,15.7,28.4,35.2,46.9,120.3,159.8,191.7,209.6,244.9,334.8,1200,-1,1,-1,1,13,7,1,2,4,10,3,12,11,14,6,8,15,9,5,16,1
165983,2,4.0,4.1,4.3,5.0,5.3,18.0,48.7,55.5,70.8,72.2,111.2,214.9,247.0,328.0,416.5,432.8,1800,-1,1,-1,1,10,2,12,1,9,13,7,3,16,6,4,14,8,5,15,11,3
165984,3,2.1,4.4,7.2,8.3,18.6,20.5,22.3,27.7,33.9,43.8,61.3,63.4,86.4,135.1,161.8,189.1,1200,-1,1,-1,1,2,7,14,12,3,1,10,6,16,4,11,15,5,13,9,8,14
165986,5,1.9,3.7,6.2,8.8,11.0,21.8,101.4,121.0,121.5,125.7,199.0,228.5,284.6,320.7,478.0,534.0,1600,1,2,-1,1,8,4,10,13,11,15,16,9,5,1,7,3,6,2,14,12,5
165989,8,2.3,5.3,5.3,8.7,12.6,14.3,23.0,27.3,31.0,31.7,105.2,138.6,139.2,168.0,176.4,282.4,1200,-1,1,-1,1,15,7,8,5,14,11,2,16,6,1,13,10,4,9,12,3,1
165992,11,4.4,5.0,6.5,7.7,7.9,8.3,9.6,14.0,23.5,49.1,50.3,95.8,100.7,103.7,129.7,283.8,2200,1,2,-1,1,6,3,11,9,1,13,7,14,8,5,4,15,12,10,16,2,11
165994,1,2.2,3.6,3.8,8.8,37.0,40.9,41.3,42.5,66.4,95.1,116.1,175.2,177.4,261.2,264.8,333.6,1800,-1,1,-1,1,3,13,5,4,12,10,1,7,6,9,11,14,15,16,8,2,2
165995,2,3.2,3.8,3.8,9.1,10.8,22.4,23.6,27.1,41.0,50.9,51.4,108.1,139.6,149.4,153.8,210.6,1200,-1,1,-1,1,11,10,3,5,12,13,6,2,4,7,1,14,15,8,16,9,1
165996,3,1.8,3.0,9.6,15.3,15.6,36.4,47.1,47.1,74.0,78.2,86.5,116.2,167.3,190.2,197.5,221.3,1800,-1,1,-1,1,8,6,2,13,4,10,15,7,11,12,9,5,16,1,14,3,1
165998,5,2.6,4.4,5.2,7.9,14.9,20.6,23.7,26.0,37.1,39.7,55.3,64.0,65.6,80.1,98.9,127.6,2000,1,2,-1,1,3,12,5,14,7,8,16,6,1,2,13,15,10,9,11,4,2
165999,6,1.8,6.2,6.5,12.0,14.4,15.2,18.8,19.6,41.7,56.2,64.5,325.2,482.1,511.9,524.6,625.2,1600,1,2,-1,1,15,7,1,8,10,9,14,16,5,6,3,4,2,11,13,12,1
166001,8,3.6,4.0,6.0,6.0,8.1,8.5,27.3,29.4,32.2,70.8,73.1,76.3,129.6,178.1,216.4,402.0,1200,-1,1,-1,1,7,14,6,1,13,8,2,5,16,10,15,4,11,3,12,9,1
166003,10,4.9,5.2,5.3,7.0,8.1,12.0,12.2,15.3,24.0,26.9,45.2,46.2,52.4,57.6,74.5,130.4,1200,1,2,-1,1,10,13,12,14,3,11,9,2,1,8,7,16,4,15,6,5,1
166006,1,2.0,2.7,4.7,16.1,31.6,48.2,67.0,69.4,107.1,154.8,165.5,221.9,223.2,312.0,341.7,404.2,1200,-1,2,-1,1,3,4,7,12,10,16,15,1,8,14,2,6,5,13,11,9,1
166007,2,2.2,4.8,5.6,7.0,10.8,15.5,16.5,38.3,79.2,127.0,193.4,264.8,338.2,363.1,497.2,733.2,1800,-1,2,-1,1,15,12,9,7,2,1,16,5,6,4,3,8,11,14,10,13,2
166008,3,2.1,4.1,5.6,7.6,15.1,25.2,35.9,36.1,41.9,69.7,111.0,125.6,152.9,237.9,238.2,325.9,1200,-1,2,-1,1,2,5,11,14,8,4,7,12,9,10,13,15,6,16,1,3,3
166009,4,2.5,4.1,4.7,5.2,16.9,17.6,44.1,53.0,81.2,84.4,95.9,150.8,154.8,351.3,374.2,865.2,1800,-1,2,-1,1,4,8,9,10,7,16,13,15,5,14,11,12,1,2,6,3,2
166010,5,2.7,5.4,6.5,6.7,6.8,13.7,18.0,21.4,33.1,60.7,82.4,95.0,133.1,239.8,291.7,479.7,1800,1,2,-1,1,4,6,5,8,9,13,10,3,12,14,1,7,11,15,2,16,10
166011,6,1.9,3.8,8.0,11.9,14.8,17.2,27.6,29.4,73.3,73.6,96.4,102.5,128.3,133.0,411.4,461.3,2200,1,2,-1,1,14,15,11,13,6,5,9,10,12,7,1,8,16,2,3,4,1
166013,8,2.2,5.0,5.6,9.8,13.1,20.1,21.0,22.1,27.9,50.8,59.5,90.3,104.6,124.4,134.2,404.5,1800,-1,2,-1,1,10,8,2,7,1,16,15,14,3,4,9,13,6,12,5,11,9
166017,12,2.2,6.2,7.3,10.9,12.9,13.2,16.3,16.7,29.8,30.4,35.5,68.5,70.6,108.9,122.1,191.0,1800,-1,2,-1,1,6,9,10,3,11,13,14,15,5,4,2,8,12,1,16,7,3
166018,1,1.8,7.0,7.8,8.0,12.2,15.1,17.5,26.6,39.3,55.8,126.5,228.7,248.9,334.2,515.1,556.7,1800,-1,2,-1,0,12,6,11,1,8,5,2,3,16,4,13,14,9,15,10,7,1
166019,2,1.3,6.1,8.1,10.6,23.1,32.8,33.5,78.5,93.9,148.0,238.7,244.0,260.1,267.1,347.6,493.0,1200,-1,2,-1,0,12,7,4,16,6,9,8,13,14,1,15,3,2,11,5,10,1
166020,3,2.2,3.4,8.1,8.3,11.9,17.3,30.1,37.5,65.3,66.5,75.2,100.2,133.0,510.4,578.4,585.6,1800,-1,2,-1,0,14,2,5,13,12,11,7,1,4,8,16,3,6,15,9,10,6
166021,4,2.4,3.5,7.0,9.0,9.3,17.2,33.9,40.8,41.6,45.1,60.5,65.0,213.4,236.5,240.0,269.6,1200,-1,2,-1,0,7,5,15,14,12,3,16,13,8,6,10,11,2,1,4,9,1
166022,5,1.1,7.5,14.4,14.8,26.4,50.2,60.7,73.9,74.3,82.6,86.1,102.3,195.6,304.5,425.8,578.1,2000,1,2,-1,0,1,15,10,12,16,14,3,7,13,6,11,2,4,5,9,8,1
166024,7,2.7,2.9,6.9,11.3,14.2,15.3,19.0,27.6,45.1,50.2,51.3,94.5,146.7,186.3,246.9,254.7,1200,-1,2,-1,0,16,12,3,5,13,6,14,15,10,1,11,7,9,2,4,8,4
166028,11,2.1,5.4,7.1,8.7,11.0,20.2,20.5,21.3,25.3,37.2,47.5,70.1,134.0,157.8,260.9,393.5,1200,1,2,-1,0,16,3,6,2,11,12,4,7,8,1,9,10,13,5,15,14,5
166030,1,2.4,2.8,5.8,11.0,20.9,22.3,35.1,39.3,45.2,46.5,56.5,189.4,234.0,348.5,404.8,457.9,1800,-1,2,-1,0,9,16,10,7,13,6,12,14,5,2,8,3,4,1,15,11,3
166031,2,2.9,4.6,5.4,5.6,8.2,12.1,17.5,31.9,55.4,76.4,297.7,398.8,431.6,517.3,537.7,563.0,1200,-1,2,-1,0,5,16,2,14,9,8,7,6,4,3,11,13,1,10,15,12,3
166032,3,1.6,5.4,10.0,10.3,19.3,24.9,25.5,36.5,44.0,54.5,56.5,67.4,74.9,85.6,87.6,245.6,1800,-1,2,-1,0,8,3,4,11,10,6,7,13,12,15,14,16,2,1,5,9,12
166034,5,1.5,3.3,9.0,19.3,29.8,34.6,37.8,45.2,48.7,152.8,168.9,241.3,364.7,380.0,430.1,587.6,1800,1,2,-1,0,4,5,14,7,1,9,11,13,15,2,8,6,16,10,3,12,1
166035,6,1.7,5.7,8.9,11.2,13.3,18.0,24.2,25.3,28.3,42.6,72.2,124.7,163.3,225.2,234.7,354.8,1200,-1,2,-1,0,10,2,3,1,14,5,9,11,16,12,4,7,8,6,13,15,1
166036,7,1.6,3.6,10.7,13.2,17.6,20.4,41.1,56.3,81.0,85.8,91.4,97.3,359.8,700.4,763.2,802.8,1800,-1,2,-1,0,9,1,4,16,2,10,3,12,11,13,7,6,5,15,14,8,2
166037,8,3.9,4.4,6.3,6.9,8.4,9.3,11.9,13.8,46.2,47.9,50.0,149.5,188.1,201.7,257.0,291.1,2000,1,2,-1,0,16,15,14,3,5,4,7,11,6,10,12,13,9,1,8,2,2
166042,1,1.6,4.6,5.3,18.2,18.6,24.3,37.1,83.7,94.9,114.8,136.2,154.3,172.7,236.7,375.1,530.0,1800,-1,1,-1,0,13,5,10,8,1,12,14,3,15,16,11,9,7,6,4,2,1
166043,2,2.4,2.8,5.9,9.6,17.4,21.0,22.0,42.3,82.9,98.5,252.1,285.7,535.8,569.2,583.4,585.0,1200,-1,1,-1,0,15,6,12,2,11,9,14,10,4,5,1,7,13,3,16,8,1
166044,3,1.9,3.1,7.5,12.6,17.9,20.9,31.8,38.8,85.9,173.5,190.7,219.3,223.2,372.3,418.6,466.1,1800,-1,1,-1,0,4,3,10,1,12,16,5,13,9,8,7,11,6,2,14,15,3
166045,4,1.9,4.7,7.6,8.8,9.7,23.5,29.3,30.0,34.2,76.5,111.5,152.6,157.3,177.6,180.9,324.9,1800,-1,1,-1,0,14,2,9,4,7,16,5,3,1,13,12,10,15,8,11,6,2
166046,5,3.0,3.9,4.6,6.2,11.5,17.8,21.4,23.2,27.8,184.0,190.4,225.8,307.7,313.2,357.7,455.2,2200,1,2,-1,0,7,10,8,16,1,12,6,15,13,11,4,5,2,9,14,3,3
166052,11,2.6,5.2,6.5,7.6,9.7,11.8,13.6,26.0,37.0,41.9,51.3,78.2,119.7,124.3,307.2,407.9,1600,1,2,-1,0,1,10,11,14,3,12,6,5,2,13,15,8,9,16,7,4,3
166053,12,3.0,5.3,6.0,6.6,7.8,17.6,18.2,21.9,32.3,33.2,39.1,63.9,73.3,153.9,158.2,188.7,1200,-1,1,-1,0,1,4,8,15,10,5,14,3,16,13,11,9,12,2,6,7,4
166054,1,1.5,5.5,6.7,10.0,12.9,37.9,71.4,121.6,135.1,169.9,225.9,227.8,330.4,342.2,377.4,424.0,1800,-1,1,-1,0,10,12,9,1,6,8,11,3,16,4,2,7,14,13,15,5,2
166055,2,1.8,4.9,5.1,6.1,27.3,29.2,62.6,66.8,73.0,89.6,91.7,134.3,261.9,424.2,569.7,692.9,1200,-1,1,-1,0,11,12,2,8,16,10,3,6,13,14,7,1,9,4,5,15,4
166056,3,3.4,4.4,4.6,4.7,14.8,14.9,25.8,27.3,31.2,35.8,78.3,91.2,106.9,191.8,192.2,553.2,1800,-1,1,-1,0,10,8,12,15,14,13,4,6,5,16,3,2,1,9,7,11,4
166057,4,2.4,5.0,5.3,5.8,14.3,15.2,21.6,36.5,40.5,65.9,83.3,101.9,108.9,202.2,208.6,353.8,1200,-1,1,-1,0,11,13,3,16,15,2,12,8,5,10,1,4,7,9,14,6,5
166058,5,2.7,2.8,5.4,9.3,13.3,19.2,19.8,40.7,53.3,132.9,139.8,212.6,222.2,260.7,310.0,467.7,1800,1,2,-1,0,7,5,6,3,14,4,2,13,15,10,16,9,1,12,11,8,1
166064,11,2.0,6.9,7.5,8.3,13.4,14.0,21.4,27.4,33.9,38.1,52.8,53.7,75.4,107.9,120.0,145.1,1800,1,2,-1,0,15,4,9,16,5,12,1,2,8,3,14,13,10,7,6,11,4
166065,12,2.8,5.1,7.7,10.5,10.6,13.1,16.2,16.4,18.9,21.6,30.7,54.3,69.2,81.6,90.4,176.9,1800,-1,1,-1,0,16,15,12,3,7,10,4,11,8,2,5,1,9,13,14,6,1
166066,1,1.9,4.9,5.5,7.5,17.3,17.6,34.9,40.3,46.1,65.6,89.7,157.8,176.7,281.2,511.0,594.7,1200,-1,-1,-1,0,5,8,11,16,12,1,13,9,3,10,4,2,6,7,15,14,1
166067,2,2.4,3.9,4.9,6.0,15.8,18.8,27.4,61.9,83.3,99.0,120.9,129.6,173.3,250.9,387.1,553.9,1800,-1,-1,-1,0,3,11,15,2,8,13,12,4,16,10,6,5,9,7,14,1,1
166068,3,2.4,4.5,5.1,7.3,8.9,16.6,34.5,40.5,46.2,71.5,74.0,142.7,181.1,353.9,451.9,797.9,1200,-1,-1,-1,1,7,15,16,12,11,3,4,9,14,5,1,13,6,2,8,10,1
166069,4,2.0,3.5,7.0,14.0,19.3,24.1,26.5,36.8,40.3,41.7,46.1,56.1,99.2,240.4,261.5,280.1,1800,-1,-1,-1,1,9,15,16,8,3,1,12,13,2,7,6,10,4,5,11,14,2
166070,5,1.7,4.2,8.2,9.5,13.5,17.0,39.1,40.3,87.1,103.8,227.9,267.5,278.4,305.1,345.3,463.6,2000,1,1,-1,1,14,16,7,9,3,4,10,13,8,15,12,6,5,2,1,11,1
166074,9,3.3,4.7,6.3,6.9,11.9,12.7,16.7,18.3,20.5,22.7,58.4,69.9,75.4,78.0,95.7,154.8,1600,1,1,-1,1,9,4,1,5,8,16,14,7,2,11,15,13,6,12,3,10,2
166075,10,1.8,6.1,7.0,10.0,13.7,14.5,25.5,25.7,41.1,62.1,68.0,79.1,101.2,105.0,148.7,180.7,1200,-1,-1,-1,1,5,4,8,9,13,11,6,15,10,1,2,7,3,12,16,14,1
166077,12,2.1,4.7,4.9,10.3,15.7,17.0,22.5,29.5,37.0,91.6,95.2,125.6,137.7,264.3,272.4,371.1,1200,-1,-1,-1,1,8,7,15,14,2,6,1,10,12,13,5,16,11,9,3,4,1
166079,2,1.3,4.9,11.7,18.2,33.6,38.4,39.6,52.6,56.4,72.5,80.1,179.2,406.0,514.6,519.8,693.1,1200,-1,-1,-1,1,14,13,8,4,7,3,10,6,9,1,2,16,11,5,15,12,1
166080,3,1.6,3.8,6.2,11.7,15.6,61.1,61.4,95.2,119.0,126.4,138.1,152.5,171.5,242.9,479.7,679.4,1800,-1,-1,-1,1,8,3,10,12,5,4,15,1,6,11,9,14,13,2,16,7,2
166081,4,2.8,4.8,4.9,5.7,8.8,14.5,26.4,44.9,52.8,64.9,67.9,133.9,194.4,241.1,350.5,999.9,1800,-1,-1,-1,1,9,6,1,12,14,4,13,10,5,11,2,16,8,7,3,15,7
166082,5,1.9,6.6,8.1,9.0,10.8,11.7,22.7,24.4,26.0,101.2,102.1,116.5,258.9,295.1,339.5,525.7,1600,1,2,-1,0,13,10,3,6,14,11,4,1,15,2,7,9,8,12,5,16,8
166083,6,2.3,3.8,3.9,11.9,13.1,14.4,39.8,77.5,86.5,128.2,201.8,293.2,318.5,340.0,357.5,357.9,1800,1,2,-1,0,1,16,3,10,11,5,7,14,6,8,4,13,2,12,15,9,3
166084,7,1.6,5.0,13.3,17.4,23.3,24.8,26.8,27.3,28.9,34.6,39.3,45.5,52.8,55.7,70.6,70.9,1600,1,2,-1,0,4,7,8,2,12,11,15,10,6,9,3,13,14,16,1,5,3
166085,8,4.1,5.3,6.0,7.0,8.9,10.0,13.0,16.1,23.1,30.2,30.8,50.5,90.2,111.1,119.4,154.4,1200,-1,1,-1,0,2,10,14,11,8,6,1,7,9,12,13,4,16,5,15,3,2
166086,9,2.8,3.9,5.9,8.7,13.2,14.5,26.3,28.4,31.1,31.9,32.5,58.5,60.9,61.3,158.7,560.4,1600,1,2,-1,0,13,4,2,6,16,1,10,7,8,9,14,3,11,5,15,12,1
166088,11,2.9,6.7,7.0,8.4,9.5,10.0,15.3,17.8,21.3,23.0,41.1,42.3,58.1,96.6,225.5,411.0,1800,1,2,-1,1,9,3,8,5,1,2,4,7,12,6,13,15,11,10,16,14,1
166089,12,2.0,6.4,7.3,8.1,15.3,18.9,20.3,23.6,26.5,27.8,62.1,90.0,94.7,115.7,177.1,434.8,2400,-1,1,-1,1,5,2,15,16,6,7,12,13,9,1,11,8,4,3,10,14,6
166090,1,2.0,2.5,6.2,16.1,20.2,38.0,60.1,61.7,164.1,186.3,204.4,314.8,317.1,364.3,365.6,456.8,1800,-1,2,-1,0,1,14,10,7,13,4,11,8,9,5,6,16,2,3,15,12,2
166091,2,3.2,3.5,5.0,5.2,7.8,17.2,35.6,49.1,65.1,163.3,206.2,327.9,348.8,406.9,458.5,609.8,1200,-1,2,-1,0,15,11,5,1,2,7,8,14,4,10,6,12,3,16,9,13,5
166093,4,1.9,3.3,5.3,12.2,20.0,27.5,36.6,57.0,143.6,145.8,268.2,269.6,321.4,387.5,525.3,670.2,1600,1,2,-1,0,10,4,8,1,14,16,7,12,6,5,15,9,3,13,2,11,1
166095,6,3.4,5.7,5.7,5.8,11.4,11.8,17.5,19.2,21.7,26.2,30.8,38.0,151.7,185.1,188.7,397.5,1800,-1,2,-1,0,9,2,3,15,8,4,12,13,16,11,1,5,14,10,6,7,3
166096,7,2.8,4.2,6.0,6.9,11.6,21.1,21.5,22.3,24.6,32.1,58.5,87.7,98.9,128.3,146.5,185.7,1200,-1,2,-1,0,14,4,8,2,16,10,7,1,5,12,13,15,6,9,11,3,1
166098,9,2.5,5.7,6.1,11.9,12.6,13.8,19.0,19.9,21.9,23.9,38.5,42.5,45.5,81.1,157.9,201.5,1800,-1,2,-1,1,3,7,14,5,8,12,2,9,1,16,11,6,10,13,4,15,9
166099,10,2.2,4.7,6.8,12.1,13.3,17.2,18.6,27.7,37.9,39.1,42.8,43.3,63.3,80.1,105.0,182.2,1200,-1,2,-1,1,4,8,11,15,12,5,1,10,9,13,16,7,14,2,3,6,1
166102,1,3.0,3.6,7.2,9.4,11.4,11.5,11.5,18.7,26.1,29.2,111.1,254.5,268.4,280.7,295.8,379.5,1800,-1,2,-1,0,10,14,9,7,13,11,12,3,1,15,5,6,16,8,4,2,3
166103,2,3.9,5.3,6.2,7.4,8.6,13.4,13.5,16.8,20.3,20.5,23.5,27.1,200.7,233.5,275.8,374.6,1200,-1,2,-1,0,11,2,15,7,13,5,10,4,3,12,14,9,1,16,6,8,10
166104,3,2.7,3.4,5.8,6.6,10.8,26.0,27.3,30.0,38.6,50.3,128.1,218.2,368.3,498.8,764.6,900.9,1800,1,2,-1,0,12,7,14,16,10,13,3,15,6,1,11,5,4,8,9,2,5
166106,5,2.3,3.2,7.0,10.8,13.1,17.4,28.8,32.2,44.7,45.0,58.9,69.7,206.2,223.6,385.6,415.4,1800,-1,2,-1,0,11,9,8,13,4,6,5,14,7,2,1,12,15,10,16,3,11
166107,6,3.6,6.8,8.2,8.3,8.7,9.3,12.6,16.9,16.9,18.3,24.1,24.5,79.2,109.5,144.8,208.6,1200,1,2,-1,0,11,5,6,9,12,8,10,13,1,4,16,14,2,3,15,7,1
166108,7,3.1,4.9,5.7,10.5,10.6,11.9,13.3,15.0,23.3,33.0,35.4,61.7,110.9,125.5,228.7,368.9,1800,-1,2,-1,0,8,9,15,10,5,1,4,6,11,14,2,12,7,13,16,3,2
166113,12,2.6,4.9,5.0,9.6,12.4,17.3,19.6,22.9,28.4,35.1,42.3,51.7,87.5,106.5,194.7,202.3,1200,-1,2,-1,1,10,8,6,4,9,1,3,7,15,13,5,14,16,11,2,12,8
166114,1,1.5,4.8,7.6,13.1,14.1,31.3,37.9,55.7,87.3,106.0,175.4,255.1,298.0,330.1,331.9,420.0,1800,-1,1,-1,0,14,10,7,12,2,16,8,1,3,13,9,15,6,5,11,4,1
166116,3,2.3,4.2,5.1,6.1,13.1,14.0,52.3,70.0,78.0,78.4,115.2,145.3,170.1,178.7,400.9,543.7,1800,-1,1,-1,0,13,3,14,9,15,5,10,4,11,1,12,6,2,7,8,16,3
166117,4,2.4,3.0,7.7,9.1,13.2,16.8,21.5,24.5,66.3,103.0,160.5,183.0,265.0,301.5,375.1,392.1,1200,-1,1,-1,0,2,7,14,5,11,1,3,8,9,15,4,10,12,6,13,16,4
166118,5,2.5,4.2,4.6,10.4,12.3,15.1,25.3,26.6,48.1,63.4,70.6,72.6,133.6,181.1,201.8,309.7,1600,1,2,-1,0,2,1,8,16,3,14,11,5,10,7,13,6,9,15,12,4,2
166119,6,3.9,4.2,5.4,9.0,9.8,10.3,12.5,16.6,17.1,34.2,114.8,118.2,151.9,158.7,168.8,488.1,1800,-1,1,-1,0,4,14,10,5,8,13,1,16,15,7,2,6,9,3,12,11,15
166120,7,2.4,4.5,6.5,7.7,9.9,22.1,26.3,29.9,33.8,48.0,51.3,55.7,76.7,111.6,114.3,185.8,1200,-1,1,-1,0,16,10,9,7,3,6,13,12,5,2,4,11,1,8,15,14,2
166125,12,2.0,4.6,5.5,7.6,18.4,26.5,27.9,38.7,50.0,58.0,71.9,131.5,146.4,188.7,228.6,335.6,1200,-1,1,-1,0,8,3,14,11,9,15,16,4,2,7,5,1,10,13,12,6,3
166126,1,2.5,3.2,5.1,8.1,22.7,23.6,28.1,28.9,29.1,74.4,97.7,98.3,170.2,182.8,332.9,488.5,1200,-1,1,-1,0,10,8,4,16,3,12,2,7,11,13,5,9,15,6,1,14,1
166127,2,2.7,2.8,4.1,19.8,21.4,22.7,24.5,24.8,33.9,79.5,112.8,151.8,157.6,171.2,255.7,333.4,1800,-1,1,-1,0,8,10,9,5,13,2,7,12,4,6,3,15,1,16,14,11,2
166128,3,1.6,3.4,6.9,26.2,27.0,30.4,36.2,50.4,64.8,172.4,195.9,238.1,316.1,422.8,483.0,635.3,1200,-1,1,-1,0,15,5,13,14,3,16,10,1,9,6,8,4,12,11,2,7,1
166131,6,2.8,3.0,5.2,11.5,12.2,16.5,41.7,42.6,42.9,45.3,46.5,83.9,84.2,94.5,168.0,332.8,1600,1,2,-1,0,2,12,5,8,13,6,4,1,11,16,9,15,14,3,10,7,2
166136,11,2.9,3.4,5.0,10.7,13.0,18.3,25.1,25.4,34.6,44.3,46.5,63.4,96.6,157.7,176.3,225.2,1600,1,2,-1,0,1,6,5,14,10,11,13,8,9,2,4,12,7,15,3,16,5
166137,12,2.1,5.2,5.9,8.3,10.6,20.8,25.1,26.5,40.3,51.0,51.0,173.3,290.9,322.7,359.2,480.7,1200,-1,1,-1,0,11,2,10,16,6,12,9,5,7,8,3,4,13,15,1,14,12
166138,1,2.3,3.6,8.2,8.6,12.2,13.9,21.1,29.0,33.0,57.2,88.8,103.1,173.3,243.8,278.1,299.3,1200,-1,-1,-1,1,7,4,16,10,9,5,2,15,8,6,1,3,14,12,11,13,2
166140,3,1.6,5.7,10.8,13.3,17.1,18.2,24.6,27.5,27.6,33.0,76.3,112.7,242.8,273.3,453.6,668.4,1200,-1,-1,-1,1,3,13,10,7,12,1,11,15,9,16,8,14,4,5,2,6,7
166141,4,1.8,5.5,6.7,7.7,12.2,17.2,42.8,42.9,44.5,45.4,109.4,130.6,193.6,260.0,371.8,417.4,1800,-1,-1,-1,1,15,7,5,3,2,14,1,12,10,16,13,11,9,8,6,4,2
166142,5,1.6,6.0,7.3,8.8,20.6,30.7,31.8,33.0,38.5,41.9,50.4,60.8,140.3,212.9,480.5,502.2,2000,1,2,-1,1,13,14,10,5,3,11,15,1,9,16,4,8,2,12,6,7,2
166143,6,2.4,4.3,6.1,7.8,7.8,15.2,43.5,44.7,50.5,59.9,65.2,122.2,150.1,151.7,161.9,165.3,1200,-1,1,-1,1,16,1,5,8,13,3,12,4,14,2,7,6,10,15,11,9,1
166148,11,3.0,5.5,5.9,7.2,9.0,14.2,16.2,20.9,27.4,32.7,42.3,51.9,85.6,98.6,130.8,216.2,1600,1,2,-1,0,3,5,9,2,14,11,7,12,10,1,16,4,6,8,15,13,2
166151,2,1.9,2.4,10.9,19.1,22.3,24.2,27.8,41.5,59.8,175.2,247.9,315.2,390.1,415.0,546.9,568.2,1200,-1,1,-1,0,10,6,7,9,3,15,5,2,13,11,8,14,1,4,16,12,1
166152,3,1.6,3.9,8.2,11.4,16.9,20.9,27.5,84.4,200.0,239.8,290.8,365.7,368.9,408.4,564.0,568.6,1800,-1,1,-1,0,9,16,2,4,10,11,7,5,15,12,8,3,13,6,14,1,2
166154,5,3.1,4.4,5.9,7.4,8.0,12.0,15.5,25.2,38.8,42.5,60.2,117.3,133.3,245.0,283.8,420.8,1600,1,2,-1,1,11,14,16,12,4,9,7,10,13,6,5,2,1,8,15,3,2
166155,6,2.9,5.7,5.7,5.9,9.3,12.2,16.1,24.1,39.1,54.9,71.8,75.7,79.2,97.8,207.8,328.0,1800,-1,1,-1,1,13,9,15,12,5,1,7,6,11,14,10,16,4,8,3,2,7
166160,11,2.2,5.3,12.1,13.0,13.1,14.7,16.9,18.0,18.8,21.2,23.4,50.8,59.1,110.5,111.8,155.9,1200,1,2,-1,0,4,2,8,6,11,16,12,3,9,14,1,5,15,13,10,7,1
166161,12,5.0,5.2,6.6,7.7,7.8,10.0,11.6,13.5,21.2,23.6,23.8,59.6,59.7,77.2,94.5,131.6,1200,-1,1,-1,0,6,14,8,10,4,3,11,16,2,13,12,1,5,7,15,9,1
166163,2,1.6,6.3,8.3,9.2,20.6,21.4,22.5,27.8,47.1,52.6,64.5,142.6,205.8,250.4,314.8,336.1,1200,-1,1,-1,0,10,8,12,3,16,9,14,1,7,13,11,4,15,2,6,5,3
166165,4,1.8,4.9,8.8,9.3,9.6,21.1,26.0,26.4,52.0,126.3,126.5,241.0,324.3,335.3,352.1,364.4,1200,-1,1,-1,0,15,4,12,9,6,2,10,5,7,13,3,11,1,8,14,16,1
166169,8,2.8,4.4,6.8,9.3,11.3,14.6,16.9,22.2,22.5,24.2,27.0,69.6,95.4,152.9,194.8,476.0,1600,1,2,-1,0,9,2,6,7,11,15,4,13,8,10,16,1,14,3,5,12,4
166173,12,2.0,5.4,7.6,7.7,9.1,18.9,29.3,30.4,38.5,47.6,73.7,116.5,131.5,141.9,209.2,278.4,1800,-1,1,-1,0,13,9,3,10,15,5,12,6,2,14,11,8,16,7,4,1,3
166175,2,2.0,4.3,7.0,9.4,10.5,12.5,25.3,66.6,88.2,92.6,97.4,98.0,185.3,198.5,205.5,286.9,1800,-1,1,-1,0,3,14,5,12,1,10,15,13,6,11,16,4,2,8,9,7,3
166176,3,1.7,3.0,10.5,14.0,23.7,29.1,32.3,32.8,62.5,100.9,105.7,169.5,275.6,339.0,448.8,476.3,1200,-1,1,-1,0,4,2,14,12,11,6,5,1,10,16,3,9,15,8,13,7,15
166179,6,2.1,4.3,8.8,10.3,10.5,13.2,15.2,37.2,40.7,43.8,85.4,188.3,215.2,234.1,249.8,367.6,1200,-1,2,-1,-1,6,1,16,4,13,2,7,5,9,12,15,14,8,11,3,10,1
166183,10,3.4,4.5,5.6,6.1,9.6,15.1,24.5,27.1,28.8,39.6,44.8,47.5,52.4,66.2,94.1,106.1,1200,-1,2,-1,0,6,8,11,3,5,2,12,10,1,9,7,4,15,16,13,14,2
166185,12,3.6,6.6,6.9,6.9,7.2,9.1,17.8,21.2,29.5,29.8,31.2,37.5,41.2,56.0,74.1,189.6,1600,1,2,-1,1,13,3,8,9,1,10,2,11,15,5,12,6,7,4,16,14,3
166186,1,3.1,3.4,4.3,10.1,12.4,21.2,22.5,29.8,35.7,52.2,52.2,69.4,98.3,136.9,169.3,255.9,1800,-1,2,1,1,6,14,3,13,11,15,4,1,9,5,2,8,16,7,10,12,1
166187,2,2.4,2.6,5.1,9.8,24.4,35.3,42.1,58.4,67.8,99.5,101.4,138.5,143.3,172.4,482.5,484.6,1400,-1,2,1,1,12,16,7,2,6,14,1,9,15,10,13,11,4,5,8,3,2
166188,3,2.6,4.8,7.7,7.7,8.0,10.1,22.0,26.7,37.7,54.9,61.8,75.5,80.7,81.4,128.6,446.1,1200,-1,2,1,1,12,2,6,5,11,4,9,3,10,7,13,1,15,8,14,16,6
166192,7,1.7,5.7,8.5,12.1,12.6,19.0,20.1,22.3,25.5,55.4,73.0,170.2,184.3,263.9,370.2,587.2,1600,1,2,1,1,15,5,1,3,12,8,9,10,16,11,7,6,4,2,13,14,1
166193,8,2.1,4.4,6.2,10.7,10.9,12.2,20.6,53.5,77.0,80.9,92.5,99.3,125.2,211.7,227.3,418.9,1400,-1,2,1,1,11,8,2,4,1,7,9,15,3,6,16,14,12,10,5,13,1
166197,12,1.5,7.5,9.1,14.1,16.9,18.1,27.9,30.3,36.6,40.9,48.0,52.4,87.3,146.9,217.0,250.4,1400,-1,2,1,1,5,10,3,4,15,8,2,11,6,9,16,12,7,14,1,13,1
166198,1,1.3,6.4,12.1,14.9,16.6,16.9,28.7,92.6,106.4,144.7,164.1,239.2,251.1,302.7,394.6,443.7,1200,-1,2,1,1,3,7,16,12,10,6,14,13,2,1,8,5,11,15,9,4,4
166199,2,3.1,3.6,6.7,8.5,8.7,13.5,14.5,30.0,42.0,55.1,56.5,65.3,85.0,164.1,178.1,334.1,1800,-1,2,1,1,1,8,2,3,12,5,6,13,10,4,16,9,7,15,14,11,2
166200,3,2.4,4.0,8.9,11.3,11.4,15.7,16.7,20.0,28.9,31.9,37.0,68.1,191.2,200.3,291.1,457.8,1200,-1,2,1,1,2,9,4,14,12,16,5,7,10,6,1,3,13,8,15,11,1
166203,6,4.0,5.2,6.6,7.3,8.2,11.0,14.3,18.9,21.4,21.5,30.3,41.2,56.3,71.1,183.7,197.1,1400,-1,2,1,1,3,2,7,9,15,12,11,10,16,6,13,4,1,14,5,8,5
166207,10,3.5,4.5,5.1,8.0,9.4,10.6,14.9,18.5,23.6,30.9,86.1,97.1,177.1,207.1,215.3,320.0,1400,-1,2,1,0,15,11,5,16,2,7,8,12,3,4,10,1,14,9,6,13,1
166210,1,2.8,4.3,4.5,8.3,12.0,16.0,18.2,25.6,47.7,53.3,53.4,72.9,125.2,171.0,186.5,221.7,1800,-1,1,1,0,4,1,15,8,12,3,10,2,14,7,11,6,13,16,9,5,1
166211,2,2.9,3.2,9.4,10.8,14.3,19.1,20.0,21.4,22.5,31.0,39.5,39.8,46.8,51.4,74.5,309.1,1400,-1,1,1,0,7,1,6,14,3,16,15,8,5,10,11,9,2,12,13,4,2
166212,3,1.8,4.2,5.8,11.3,18.7,26.0,39.5,40.5,49.8,72.5,110.1,115.6,158.9,333.4,352.1,714.2,1200,-1,1,1,0,10,12,8,14,2,11,6,16,9,3,5,1,4,7,13,15,1
166218,9,3.0,6.4,6.5,8.1,10.8,11.5,13.5,18.1,21.8,22.5,23.0,61.0,86.0,108.3,185.6,235.9,1600,1,1,1,0,1,2,6,3,15,7,12,16,4,13,14,5,11,10,8,9,11
166222,1,1.8,2.8,10.9,21.5,27.4,31.2,31.3,34.7,34.8,79.1,82.5,105.2,119.6,174.5,310.5,364.8,1800,-1,2,1,1,11,10,4,12,3,8,6,13,16,9,1,14,5,7,15,2,1
166224,3,3.2,3.4,4.2,9.9,17.8,19.0,27.1,30.6,33.6,39.4,47.3,49.0,73.1,77.0,82.0,394.6,1200,-1,2,1,1,7,12,6,3,16,13,10,9,5,11,4,8,2,14,1,15,2
166227,6,2.7,4.5,6.4,10.5,13.4,14.4,15.7,19.6,20.4,22.5,43.5,66.8,105.9,128.5,133.4,334.8,1400,-1,2,1,1,4,8,1,5,3,9,7,12,16,6,14,11,2,15,13,10,2
166229,8,3.3,4.0,6.5,8.2,9.0,10.9,16.8,28.1,31.1,39.4,62.0,65.2,69.6,82.2,93.9,143.5,2200,1,2,1,1,16,9,14,4,11,10,12,1,8,15,7,3,5,13,2,6,7
166230,9,1.7,5.9,7.9,11.3,13.8,16.8,21.4,25.9,42.4,48.0,76.4,144.4,147.3,172.9,205.9,228.4,1400,-1,2,1,1,3,2,13,14,16,15,12,1,10,6,8,7,9,4,11,5,3
166234,1,2.3,6.7,7.7,8.9,10.3,14.4,14.8,18.7,22.4,26.2,37.7,65.7,91.3,184.2,286.7,362.0,1200,-1,-2,1,0,11,2,9,6,4,7,1,12,5,8,10,14,3,15,16,13,4
166236,3,3.2,4.6,4.7,6.6,7.5,16.2,25.9,33.6,34.5,48.6,67.5,71.4,133.1,148.3,148.5,200.1,1400,-1,-2,1,0,6,15,8,14,11,3,16,2,13,10,4,1,5,12,7,9,4
166240,7,2.6,3.2,7.0,7.5,14.2,15.3,18.5,24.1,57.6,83.8,117.1,150.3,152.4,197.4,213.1,241.0,1400,-1,-2,1,0,11,5,10,15,8,9,7,2,6,4,1,14,16,3,12,13,7
166242,9,1.9,3.7,10.9,12.1,12.5,14.7,29.2,30.7,33.9,68.5,75.0,115.1,121.1,144.7,167.5,176.1,1400,-1,-2,1,0,9,10,7,8,12,2,6,14,13,3,4,16,1,15,11,5,2
166244,11,4.5,4.9,5.8,9.4,11.9,12.4,13.7,15.6,23.4,23.4,24.8,25.9,34.5,44.8,49.0,63.0,1400,-1,-2,1,0,14,4,2,15,11,9,10,16,5,3,12,6,1,13,8,7,4
166246,1,3.6,3.7,4.0,6.9,13.1,18.6,18.9,25.7,33.3,61.6,81.4,84.6,91.2,111.9,115.9,231.3,1800,-1,-1,1,1,13,11,10,12,6,16,14,4,7,15,1,5,2,3,8,9,2
166247,2,1.9,3.2,8.2,11.1,21.8,32.8,38.8,41.7,49.7,61.1,61.6,67.1,77.3,132.0,183.2,236.4,1400,-1,-1,1,1,4,15,9,16,13,5,1,6,2,12,7,8,3,11,14,10,1
166251,6,3.4,4.6,6.3,9.3,11.5,12.9,14.3,15.9,20.9,21.1,55.4,58.6,65.3,66.5,70.9,111.5,1200,-1,-1,1,1,11,1,13,14,16,10,3,12,8,15,9,7,4,5,2,6,1
166258,1,1.1,5.0,16.1,36.4,40.0,47.7,56.0,79.6,87.1,102.1,128.1,143.8,170.2,356.6,391.1,500.9,1200,-1,1,1,1,14,9,12,2,6,5,16,15,3,8,10,13,1,4,7,11,1
166260,3,3.5,4.0,4.3,6.1,8.0,15.4,27.5,29.6,40.3,44.0,169.1,193.8,403.3,409.7,534.9,650.1,1400,-1,1,1,1,9,3,1,6,13,8,11,4,15,7,10,14,5,16,2,12,5
166262,5,2.8,4.1,7.4,7.6,11.6,12.6,14.2,24.6,26.2,28.4,53.5,156.7,186.3,275.7,276.7,621.5,1200,-1,1,1,1,11,6,5,8,4,2,10,7,1,14,16,9,12,13,3,15,2
166263,6,2.8,3.8,4.2,8.0,18.7,22.8,27.7,36.9,41.1,44.0,54.4,65.1,87.4,90.6,107.5,365.6,1600,1,1,1,1,12,16,8,1,14,5,3,6,10,4,7,13,11,15,9,2,3
166266,9,2.8,4.3,4.6,8.0,8.8,16.1,20.8,43.6,46.7,52.3,62.9,98.6,104.7,224.3,338.8,470.6,1800,-1,1,1,1,1,5,8,7,9,13,11,15,14,4,2,12,6,3,16,10,7
166272,3,1.7,6.2,6.8,10.0,12.7,28.7,30.0,30.1,39.4,82.7,95.7,108.1,146.9,150.3,273.3,278.6,1200,-1,2,1,0,6,7,10,2,15,1,13,9,16,4,8,12,14,5,11,3,7
166277,8,2.6,4.2,5.3,10.2,11.7,12.3,13.9,19.8,63.9,90.0,106.8,111.7,125.4,133.7,146.3,159.9,1400,-1,2,1,0,13,2,3,8,9,16,12,11,14,6,5,7,4,10,15,1,3
166282,1,1.4,6.1,8.7,17.6,17.6,18.6,28.8,40.0,43.5,59.4,118.3,173.2,186.6,206.1,304.2,458.2,1400,-1,-2,1,0,11,15,10,6,5,3,12,9,2,7,13,16,8,14,1,4,2
166284,3,2.8,3.6,5.2,7.2,12.1,19.5,30.0,35.1,41.9,44.0,55.4,87.5,88.0,137.0,158.1,383.8,1200,-1,-2,1,0,15,5,4,12,2,8,1,13,3,6,16,9,10,7,11,14,1
166287,6,1.6,4.3,6.6,12.5,15.5,26.0,36.3,49.4,72.1,94.5,292.2,302.3,308.9,321.5,398.5,446.1,1800,-1,-2,1,1,8,2,9,7,16,10,4,6,3,1,12,5,15,13,14,11,1
166288,7,3.2,3.7,9.8,10.9,11.5,11.7,15.7,17.1,21.6,27.6,30.4,41.3,45.3,88.7,92.8,322.9,1400,-1,-2,1,1,11,12,4,10,2,3,16,13,1,7,5,14,8,9,15,6,11
166291,10,3.5,4.1,5.7,5.8,16.1,17.8,19.8,20.7,22.2,30.7,48.8,51.9,53.9,71.1,74.5,170.9,1200,-1,-2,1,1,4,14,15,1,8,5,9,13,11,6,12,2,7,10,3,16,9
166294,1,2.8,3.2,8.3,10.6,13.0,13.3,17.4,18.2,28.4,32.9,38.6,135.4,144.8,154.3,196.7,400.5,1600,1,1,1,1,9,11,8,5,12,3,10,4,1,2,15,14,7,6,16,13,4
166295,2,1.8,3.0,10.0,11.1,24.2,32.3,45.1,49.4,49.4,58.7,129.4,147.7,186.3,214.0,554.4,722.7,1400,-1,1,1,1,5,4,11,8,9,12,13,6,7,3,16,14,15,10,2,1,1
166296,3,2.6,3.0,4.1,9.9,12.0,25.6,43.3,47.9,49.9,170.7,233.4,364.9,410.8,446.9,645.3,717.7,1800,-1,1,1,1,2,12,9,6,7,4,1,15,13,3,14,5,10,16,11,8,6
166299,6,2.1,3.5,4.8,8.5,18.5,26.3,35.7,56.8,93.7,122.7,125.5,173.9,181.7,299.6,327.7,558.6,1400,-1,1,1,1,1,2,13,6,9,15,11,14,3,7,8,12,16,4,10,5,1
166302,9,2.6,3.2,6.8,9.9,12.2,18.6,21.2,39.9,43.9,50.9,52.0,54.9,57.0,244.7,321.6,449.1,1400,-1,2,1,1,14,3,9,4,7,11,15,6,2,13,12,5,1,8,10,16,2
166306,1,3.8,4.2,5.4,8.9,8.9,14.7,19.4,20.6,21.8,28.6,39.4,41.9,56.6,59.0,95.8,134.8,1200,-1,2,1,1,12,10,8,1,2,7,3,6,13,11,4,9,15,14,16,5,6
166308,3,1.7,4.2,6.0,15.3,21.3,24.7,34.4,36.1,39.3,120.2,153.3,169.8,197.0,200.6,306.7,323.3,1400,-1,2,1,1,4,1,14,16,9,5,10,15,6,12,3,13,2,7,11,8,7
166314,9,2.3,6.1,7.7,9.8,10.3,14.0,21.4,23.8,29.3,30.7,35.2,40.7,40.7,61.6,124.5,340.1,1400,-1,2,1,1,7,2,13,12,6,11,10,16,1,14,5,15,8,9,4,3,4
166318,1,1.7,4.7,8.3,8.7,13.3,28.5,32.6,59.3,70.4,77.6,84.6,99.9,197.1,260.1,350.0,493.9,1200,-1,2,1,1,5,14,7,15,11,3,6,8,10,1,9,2,4,16,12,13,7
166325,8,2.1,3.0,5.5,11.9,22.1,27.2,41.5,49.7,80.9,85.9,95.3,106.4,213.2,222.7,322.5,397.1,1200,-1,2,1,1,9,3,2,14,12,13,7,15,10,4,6,8,16,11,5,1,3
166329,12,2.5,3.9,7.0,8.9,12.3,15.4,20.1,31.5,31.8,35.1,39.8,81.8,100.0,232.4,274.9,283.1,1400,-1,2,1,0,2,10,16,3,5,6,11,8,4,7,1,15,9,13,12,14,1
166331,2,4.4,4.7,6.3,7.7,7.9,10.0,14.3,17.3,22.6,23.9,34.8,43.1,45.0,166.1,187.2,403.9,1200,-1,2,-1,1,7,2,9,10,1,14,8,5,16,6,3,11,12,13,4,15,2
166333,4,3.1,5.2,6.1,7.8,11.6,12.0,13.0,15.4,23.8,33.0,37.3,53.5,111.2,171.4,289.7,303.0,1800,-1,2,-1,0,9,12,2,15,11,16,4,7,6,14,5,8,10,1,3,13,1
166336,7,3.2,3.6,5.4,8.5,8.6,11.8,22.1,24.5,34.4,36.5,111.6,146.0,197.5,260.1,310.7,330.9,1200,-1,2,-1,0,6,11,5,4,2,12,13,16,7,1,10,14,3,8,15,9,4
166342,1,1.2,9.6,13.4,17.1,18.1,22.7,32.1,38.1,61.1,132.2,256.9,396.4,417.6,538.2,556.5,660.9,1800,-1,2,-1,1,6,11,14,8,4,2,10,12,3,13,5,9,7,16,15,1,9
166343,2,2.8,4.5,5.7,7.5,9.9,17.7,22.9,23.7,32.0,43.2,49.1,62.3,74.3,86.6,135.1,197.8,1800,-1,2,-1,1,9,10,4,2,6,3,15,11,5,12,7,1,8,14,16,13,1
166344,3,3.9,4.2,4.3,7.5,9.2,10.0,24.4,28.4,36.3,38.5,41.9,89.2,96.0,110.3,180.1,251.9,1400,-1,2,-1,1,1,7,9,4,5,8,14,3,15,12,13,11,10,2,16,6,7
166345,4,2.4,5.8,6.1,9.1,15.6,17.6,19.0,19.7,21.7,22.9,25.0,73.1,75.2,113.5,227.1,251.9,1200,-1,2,-1,1,15,11,12,2,4,5,9,10,13,8,7,16,3,1,6,14,13
166346,5,1.6,6.9,9.5,11.1,11.6,22.7,25.2,26.5,39.4,59.6,70.3,74.6,282.7,318.0,444.8,469.0,1600,1,2,-1,1,8,5,2,15,12,14,4,13,10,6,7,3,11,9,1,16,1
166347,6,2.2,3.8,5.2,8.2,17.5,18.9,22.0,40.6,42.0,154.5,156.5,162.1,190.4,214.6,245.0,366.0,1400,-1,2,-1,1,14,9,8,16,5,15,2,6,1,12,13,4,3,10,7,11,1
166348,7,2.0,4.4,6.2,12.0,15.6,19.9,25.4,25.6,29.7,41.9,71.9,112.9,114.1,234.5,321.1,521.6,1200,-1,2,-1,1,6,1,13,12,5,4,3,8,15,7,2,9,14,10,11,16,3
166349,8,4.1,4.2,4.6,6.5,12.2,19.0,19.8,20.3,20.9,22.2,33.7,48.3,105.2,110.1,148.7,268.8,2200,1,2,-1,1,6,9,4,3,13,2,14,11,10,1,12,8,7,16,5,15,1
166350,9,3.8,4.0,6.9,7.1,12.7,13.2,13.6,16.0,17.7,28.5,42.5,58.5,72.2,75.1,108.2,219.3,1800,-1,2,-1,1,13,15,8,4,14,7,9,5,11,1,3,12,16,10,6,2,4
166353,12,2.8,4.4,6.9,7.1,11.2,12.2,12.3,30.4,34.5,41.4,53.9,73.7,114.5,142.6,217.6,403.5,1400,1,2,-1,1,3,1,9,4,2,10,8,16,14,5,15,11,6,13,7,12,1
166354,1,1.6,5.2,7.1,13.9,15.5,16.3,29.7,44.7,56.0,84.7,87.0,175.8,203.4,267.2,296.1,329.6,1800,-1,2,-1,1,12,4,6,3,14,7,16,2,13,8,10,9,11,5,15,1,3
166355,2,1.9,2.9,6.7,12.0,19.0,31.3,48.7,64.4,126.4,142.1,163.4,196.7,199.5,204.5,298.8,307.8,1800,-1,2,-1,1,2,16,8,13,11,1,3,10,6,5,14,7,15,12,4,9,1
166356,3,1.6,4.8,10.6,16.4,17.7,25.3,28.1,37.1,38.4,40.6,41.5,53.4,87.4,187.1,259.0,472.2,1400,-1,2,-1,1,7,3,13,5,11,16,15,2,4,1,10,12,14,6,9,8,2
166357,4,3.9,4.2,4.8,7.3,7.6,8.5,24.0,33.6,35.4,52.9,59.6,94.2,124.1,136.9,145.2,163.9,1400,-1,2,-1,1,6,7,9,10,4,12,2,1,5,11,14,3,8,13,15,16,4
166358,5,2.5,4.4,6.9,7.8,8.6,12.1,21.6,31.8,48.7,52.2,87.5,121.5,123.3,179.6,201.7,427.7,2200,1,2,-1,1,11,8,15,10,13,4,7,16,5,9,12,1,14,2,3,6,2
166359,6,3.1,4.4,4.9,7.1,7.6,13.9,19.4,40.8,51.2,52.0,83.1,100.2,108.2,155.5,166.9,217.8,1800,1,2,-1,1,14,8,2,4,1,6,9,5,12,11,15,16,10,13,3,7,1
166361,8,3.2,3.7,5.3,6.8,9.1,14.8,26.4,34.3,36.6,40.3,49.7,124.3,146.3,211.6,226.3,257.7,1600,1,2,-1,1,4,1,12,9,8,5,7,14,2,3,15,11,13,16,6,10,1
166362,9,3.4,5.1,6.5,7.0,8.8,11.0,15.3,18.8,18.8,33.3,57.1,73.0,83.1,86.7,93.0,186.0,1800,1,2,-1,1,9,12,4,7,5,11,10,15,2,1,13,3,6,14,16,8,2
166365,12,3.9,3.9,6.3,8.5,8.6,8.6,20.4,28.9,29.1,32.0,32.4,33.3,124.0,139.2,163.2,200.1,1200,-1,2,-1,1,3,1,10,2,13,9,5,7,15,16,12,8,4,14,6,11,1
166366,1,2.8,3.4,10.3,10.6,11.2,15.5,18.3,20.3,24.3,26.1,35.9,50.0,50.0,77.8,322.4,580.1,1800,-1,2,-1,1,3,10,13,5,9,11,4,14,7,1,15,8,2,16,12,6,3
166367,2,3.0,4.0,5.9,8.7,8.8,10.0,15.1,34.1,42.1,50.3,76.6,95.1,131.4,181.6,201.9,258.6,1200,-1,2,-1,1,3,10,5,2,14,8,4,9,7,1,12,11,6,16,15,13,2
166368,3,2.4,5.4,9.0,9.1,10.0,11.5,11.5,23.2,27.0,41.8,44.5,44.8,115.6,135.4,237.6,403.2,1800,-1,2,-1,1,6,7,1,13,2,11,15,12,5,8,4,16,10,3,9,14,6
166370,5,2.4,4.1,5.8,8.2,11.2,17.1,18.7,26.8,29.7,94.1,139.8,159.2,248.6,299.5,454.2,742.1,1800,1,2,-1,1,6,2,12,5,4,14,11,16,15,3,1,9,8,10,7,13,1
166371,6,2.3,5.4,6.3,8.2,9.5,13.8,22.1,29.0,35.1,49.8,63.8,63.9,82.8,95.4,161.8,176.1,1600,1,2,-1,1,2,15,10,14,3,4,13,11,1,12,16,8,5,7,6,9,4
166373,8,2.7,4.5,5.1,6.9,13.8,18.1,18.2,20.1,44.8,55.2,56.0,57.7,174.5,262.8,313.1,332.9,1400,-1,2,-1,1,7,6,11,3,14,9,15,2,13,5,10,8,12,1,16,4,10
166375,10,3.7,4.3,5.9,8.2,10.3,11.7,15.9,17.5,26.3,28.8,29.5,69.1,77.0,80.5,90.5,185.8,1400,1,2,-1,1,16,4,3,10,7,5,2,6,14,11,12,13,1,8,9,15,3
166379,2,2.2,4.1,7.1,11.1,14.8,18.7,25.5,26.3,28.6,33.8,57.4,62.6,66.5,92.6,183.4,202.8,1200,-1,2,-1,1,15,13,9,1,7,11,12,16,3,8,6,5,2,10,14,4,4
166380,3,2.6,4.9,5.2,7.8,10.1,14.8,18.9,29.9,39.8,41.6,43.6,72.2,139.6,323.4,327.8,388.5,1800,-1,2,-1,1,11,7,13,15,9,5,3,12,8,4,6,10,1,14,2,16,1
166381,4,1.8,5.6,8.0,13.3,15.7,16.2,16.5,17.8,39.7,68.5,88.8,98.4,122.6,132.5,135.6,265.6,1200,-1,2,-1,1,3,16,5,2,15,6,7,13,10,8,11,14,4,9,12,1,1
166382,5,2.2,2.2,11.5,11.7,17.8,25.6,46.3,50.1,63.8,97.1,119.6,181.2,291.5,296.5,370.4,527.5,2000,1,2,-1,0,12,6,9,13,4,8,3,2,7,15,5,11,16,10,1,14,2
166385,8,4.2,5.9,7.3,8.1,8.3,8.3,13.4,14.1,21.6,23.0,24.4,35.5,41.9,70.3,304.4,311.5,1200,-1,2,-1,1,1,5,16,8,14,4,15,9,6,3,12,2,7,11,13,10,4
166390,1,1.2,9.0,10.4,21.4,21.5,22.6,46.2,48.6,60.2,105.9,124.3,132.0,220.2,402.3,538.4,749.9,1200,-1,2,-1,1,10,1,16,12,11,3,9,14,8,7,2,13,5,4,6,15,9
166391,2,2.6,5.5,6.2,6.3,6.7,17.4,18.4,22.5,63.4,64.2,111.0,119.0,150.4,216.0,227.7,374.6,1800,-1,2,-1,1,11,12,6,13,1,9,14,3,7,15,4,5,10,16,2,8,2
166392,3,2.7,3.9,4.8,6.0,10.6,20.5,28.4,29.9,49.2,90.8,111.6,311.0,366.0,386.6,404.9,720.9,1400,-1,2,-1,1,7,9,12,11,13,14,10,5,1,2,3,4,16,6,8,15,3
166394,5,2.6,3.7,6.7,10.2,10.2,13.8,22.5,26.4,28.1,51.6,65.0,73.6,203.9,238.1,357.2,360.1,1600,1,2,-1,1,11,16,15,14,9,4,6,1,7,12,2,10,13,5,3,8,2
166395,6,2.9,5.2,6.3,6.4,9.7,14.1,17.2,21.0,25.5,25.7,62.3,104.4,117.1,120.7,176.4,358.3,1800,1,2,-1,0,6,15,10,13,16,1,5,2,9,11,12,4,8,7,3,14,5
166398,9,2.2,3.6,6.4,6.5,20.7,24.5,26.5,29.5,63.0,78.9,82.4,101.4,135.4,152.1,290.6,338.7,1900,-1,2,-1,0,16,11,9,15,14,1,4,2,5,8,13,3,7,6,12,10,2
166402,1,2.1,2.6,9.6,11.6,14.9,21.4,31.9,34.3,82.1,106.8,165.6,168.3,200.0,207.2,321.5,458.3,1200,-1,2,-1,0,16,11,5,3,12,10,6,4,13,14,15,8,1,7,9,2,2
166404,3,1.7,5.9,11.5,12.3,14.0,16.2,21.8,23.0,32.6,37.6,38.4,65.2,172.0,206.3,285.7,406.5,1400,-1,2,-1,0,14,2,12,5,6,10,13,11,7,1,4,9,15,8,3,16,6
166405,4,2.7,4.7,5.4,6.8,14.2,14.4,22.4,23.7,31.0,35.1,52.3,52.8,91.9,289.4,311.0,327.1,1400,-1,2,-1,0,13,12,16,15,8,4,1,5,3,2,7,6,9,14,11,10,1
166406,5,1.7,3.8,7.0,12.9,21.3,22.8,31.3,37.7,64.4,87.1,92.3,185.9,195.2,325.9,425.7,821.2,1600,1,2,-1,0,6,2,13,3,14,5,15,1,7,10,11,12,4,9,8,16,2
166410,9,1.9,4.3,8.9,10.3,12.4,16.9,23.5,26.3,43.7,53.3,61.4,119.9,137.9,198.1,217.7,224.0,1200,1,2,-1,0,11,16,3,5,1,8,12,4,14,9,6,7,2,13,10,15,1
166414,1,1.9,5.5,8.0,9.7,17.9,19.7,24.5,24.8,27.5,30.4,43.1,43.6,117.1,184.0,214.4,265.2,1800,-1,2,-1,1,8,16,13,6,11,15,12,14,10,9,7,4,1,2,3,5,1
166415,2,3.2,4.3,5.9,6.7,9.4,10.7,22.2,27.0,28.7,43.4,50.6,78.6,80.8,159.5,177.2,232.9,1800,-1,2,-1,1,3,14,8,7,10,2,15,4,12,6,1,9,5,11,13,16,13
166416,3,2.5,3.8,6.0,8.4,8.4,11.2,26.3,44.4,69.0,103.9,108.3,193.6,219.3,222.5,274.1,306.0,1400,-1,2,-1,1,9,4,16,14,2,7,15,3,6,10,11,5,8,13,1,12,1
166418,5,1.7,4.1,7.2,8.8,26.2,32.6,34.1,36.5,55.8,88.6,208.0,263.2,291.4,307.1,325.0,450.5,1800,1,2,-1,1,14,4,12,1,13,7,11,2,3,8,15,10,5,6,9,16,1
166426,1,2.8,3.1,6.1,8.7,9.0,22.4,26.9,27.2,47.5,68.6,87.7,149.0,170.2,175.0,181.7,346.6,1200,-1,-2,-1,0,9,6,15,7,8,12,16,1,13,5,14,11,2,10,3,4,11
166427,2,2.5,2.5,9.1,9.4,10.6,20.7,30.9,58.5,76.2,99.9,114.4,144.6,179.4,216.6,304.5,311.3,1800,-1,-2,-1,0,2,8,4,7,3,16,6,9,5,10,1,11,13,14,15,12,2
166428,3,1.3,5.8,12.0,16.6,19.5,20.2,25.0,64.8,72.4,79.0,129.0,201.2,207.4,222.8,255.4,607.3,1400,-1,-2,-1,0,16,6,11,9,1,8,5,7,14,4,12,3,2,10,13,15,1
166429,4,2.5,4.3,7.4,10.8,13.8,15.9,20.0,22.3,25.3,34.3,34.7,38.0,45.5,50.4,178.7,221.5,1200,-1,-2,-1,0,8,2,6,9,1,11,12,5,14,13,3,4,10,15,16,7,12
166430,5,2.7,5.9,7.0,7.3,9.1,9.4,11.3,35.9,39.3,56.0,65.5,81.1,96.7,116.6,127.0,148.8,1600,1,-1,-1,0,3,5,15,7,12,1,6,9,4,16,11,13,14,2,10,8,1
166438,1,1.6,5.0,11.4,12.0,13.2,19.3,23.4,24.7,59.8,64.6,73.1,98.6,139.1,164.6,184.0,422.4,1800,-1,-1,-1,1,9,7,6,10,12,8,5,11,14,4,1,15,3,2,13,16,10
166439,2,3.7,4.0,4.8,6.1,7.3,12.0,18.1,32.0,83.6,102.2,104.2,131.5,132.5,136.1,138.6,220.1,1200,-1,-1,-1,1,16,15,10,3,2,1,13,11,7,6,4,5,14,9,12,8,1
166440,3,3.0,4.6,7.4,8.5,8.7,9.9,11.0,19.9,26.4,56.6,63.9,155.7,176.1,204.3,255.9,277.2,1800,-1,-1,-1,1,6,7,12,8,4,16,15,5,3,9,13,11,1,10,14,2,7
166441,4,2.7,4.7,5.4,5.9,12.0,14.2,22.8,34.7,46.2,61.5,67.4,77.5,109.6,124.9,168.7,184.3,1400,-1,-1,-1,1,10,3,8,15,4,5,14,13,12,7,2,11,1,16,6,9,1
166442,5,1.8,4.2,5.2,7.5,22.5,41.7,58.4,60.3,71.1,103.3,210.8,224.7,271.2,293.0,335.9,348.1,2000,1,-1,-1,1,5,4,10,8,15,6,11,16,3,7,2,12,13,14,9,1,3
166448,11,2.1,4.4,7.9,8.2,11.9,16.5,23.1,23.7,43.8,68.3,90.9,95.2,121.2,159.6,297.7,335.5,1200,1,1,-1,1,16,1,15,5,8,11,9,10,3,6,7,4,13,14,12,2,2
166451,2,2.2,4.6,6.9,7.9,13.9,20.7,21.2,24.2,25.3,47.8,58.8,109.5,120.7,134.7,137.3,165.8,1800,-1,2,-1,1,3,1,5,2,13,7,4,11,15,9,14,12,6,10,8,16,2
166452,3,1.6,3.6,9.1,11.7,19.9,28.4,39.9,54.5,70.3,105.6,172.4,201.7,266.8,296.5,347.0,353.3,1400,-1,2,-1,1,7,10,6,4,8,1,15,5,2,11,16,13,14,9,12,3,1
166453,4,2.8,2.8,8.8,14.1,14.2,17.0,17.6,27.4,30.5,37.6,40.5,52.5,73.7,108.4,124.5,179.7,1200,-1,2,-1,1,1,11,8,2,13,6,7,9,5,3,16,15,10,4,12,14,1
166454,5,2.2,3.3,5.5,14.6,14.9,22.7,27.3,31.6,37.7,41.9,67.0,167.0,233.8,246.4,253.7,313.9,1800,1,2,-1,1,10,6,11,7,15,13,5,2,12,8,1,4,9,16,3,14,3
166455,6,1.9,5.0,6.3,11.3,15.9,16.8,19.3,26.2,57.4,57.9,63.5,67.4,231.5,306.6,476.9,496.3,1600,1,2,-1,1,9,14,1,10,6,4,3,12,7,15,5,16,13,2,8,11,2
166463,2,4.1,4.5,4.7,5.1,6.3,15.9,21.0,31.2,37.1,43.7,92.8,110.3,115.6,186.7,210.4,451.3,1200,-1,2,-1,1,2,10,16,3,6,12,5,14,11,7,9,13,1,4,8,15,2
166466,5,3.0,5.0,6.8,7.3,8.2,11.2,20.5,23.5,26.0,33.5,34.5,87.0,92.9,97.0,207.0,207.4,2200,1,2,-1,0,14,4,10,13,5,1,11,8,2,9,12,16,7,15,3,6,3
166467,6,1.6,7.1,9.3,9.5,10.4,12.5,26.4,39.4,62.8,84.1,99.2,116.1,127.2,176.4,192.2,212.5,1600,1,2,-1,0,1,10,8,7,16,2,6,11,5,13,3,14,12,15,9,4,4
166469,8,2.2,5.0,6.0,11.6,15.5,20.4,25.3,28.2,28.3,42.3,43.5,43.7,44.7,57.4,59.7,386.4,1900,-1,2,-1,1,2,6,1,4,14,5,3,8,11,16,15,12,9,10,7,13,4
166473,12,2.5,4.7,5.9,9.0,11.5,15.7,17.7,17.8,42.7,45.9,53.7,63.7,154.7,207.4,227.0,292.0,1400,-1,2,-1,1,11,10,5,4,8,3,7,15,1,13,6,9,16,2,12,14,4
166474,1,2.3,3.4,8.2,8.5,11.1,13.1,26.8,36.6,42.2,58.3,109.0,147.6,238.3,260.7,305.6,505.0,1200,-1,2,-1,0,9,15,8,6,14,4,10,16,2,7,3,12,1,11,5,13,2
166476,3,1.6,7.2,8.8,11.2,12.6,13.6,17.9,24.5,31.0,199.2,203.3,273.4,415.4,430.2,469.7,616.8,1400,-1,2,-1,0,6,2,15,5,14,13,16,11,9,12,7,3,8,10,4,1,2
166477,4,2.5,4.0,4.6,9.5,14.7,16.2,23.1,24.2,53.3,73.5,91.4,119.5,119.9,127.0,157.2,237.4,1200,-1,2,-1,0,9,8,1,11,5,16,14,13,15,2,4,10,12,7,6,3,1
166478,5,1.8,4.6,5.8,10.5,13.1,23.4,29.9,54.9,63.6,76.5,96.7,102.1,145.5,329.1,472.5,625.3,1800,1,2,-1,0,15,1,3,9,5,8,10,7,2,16,4,11,14,13,12,6,2
166480,7,2.9,4.8,5.7,5.9,11.7,19.3,19.8,24.4,31.1,39.9,42.1,69.7,75.5,101.1,115.0,417.9,1400,-1,2,-1,0,15,10,11,6,7,13,16,4,9,5,12,2,8,3,1,14,2
166481,8,2.9,4.6,7.0,7.8,10.1,10.3,12.7,13.0,33.8,61.9,104.3,113.4,267.4,324.4,327.8,364.3,1800,-1,2,-1,0,2,14,3,7,13,15,12,5,11,1,6,4,8,10,16,9,2
166486,1,1.6,4.0,12.2,12.3,14.4,20.1,36.6,42.7,56.1,74.7,83.1,103.9,122.2,224.8,369.2,424.6,1800,-1,-2,-1,1,3,4,8,10,16,14,13,7,12,15,1,11,6,9,2,5,7
166490,5,1.8,4.4,8.0,10.2,12.0,20.7,31.2,35.7,49.7,64.7,86.5,126.8,128.3,133.5,197.0,263.9,1600,1,-2,-1,1,15,13,10,2,14,3,12,16,11,1,9,4,5,7,8,6,1
166491,6,2.0,3.7,6.5,12.2,18.5,27.9,30.9,32.3,46.4,54.2,72.5,85.0,89.6,106.9,157.9,282.1,1800,1,-2,-1,1,9,1,10,16,8,14,5,2,15,11,13,12,6,3,4,7,5
166492,7,2.4,4.3,5.5,6.4,18.2,22.1,22.6,25.5,30.9,43.8,60.2,75.0,296.4,338.2,551.9,602.5,1200,-1,-2,-1,1,1,12,9,10,6,2,14,11,7,13,5,3,16,8,4,15,4
166493,8,3.6,4.4,5.3,6.7,7.7,11.0,13.2,19.2,55.3,86.6,92.0,119.2,180.1,187.4,195.8,221.3,1600,1,-1,-1,0,16,9,2,1,12,13,8,10,4,14,5,6,7,15,3,11,6
166495,10,3.9,4.6,6.0,7.9,9.8,11.5,12.6,15.1,24.7,26.5,34.4,49.6,95.7,100.6,187.4,257.7,1400,-1,-1,-1,1,10,15,12,7,8,14,16,9,6,2,3,5,1,11,13,4,2
166497,12,3.7,4.5,5.1,7.8,8.9,9.4,15.6,18.7,33.8,48.6,63.7,66.4,98.6,111.0,221.4,320.2,1200,-1,-1,-1,0,5,13,4,8,2,9,3,12,14,1,16,15,6,7,11,10,6
166498,1,1.2,5.3,14.3,21.4,33.4,37.9,42.4,42.9,105.1,142.4,144.0,161.8,164.9,247.4,345.5,419.6,1200,-1,1,-1,-1,16,10,12,1,15,7,6,5,8,9,2,13,4,3,11,14,1
166500,3,2.5,3.4,6.3,7.1,7.9,21.8,52.0,65.2,71.5,81.7,86.0,89.6,111.4,197.9,257.4,520.5,1400,-1,1,-1,-1,2,15,4,11,9,8,16,13,14,6,5,3,12,7,10,1,4
166501,4,2.5,4.8,5.7,7.6,11.3,11.6,24.5,35.5,40.4,40.6,41.4,114.3,119.5,216.6,232.9,338.5,1800,-1,1,-1,0,16,9,10,2,14,11,1,4,5,13,8,7,3,12,6,15,2
166502,5,1.6,4.6,8.2,13.5,17.4,19.4,27.5,33.4,45.8,97.9,128.5,128.8,196.0,229.6,376.7,472.6,2000,1,1,-1,-1,16,1,6,11,7,12,2,13,5,3,14,9,8,15,10,4,2
166505,8,3.2,4.0,6.6,7.3,14.4,14.9,16.1,16.4,17.3,34.4,45.7,103.3,110.9,138.4,186.9,223.0,1400,-1,1,-1,-1,10,4,13,1,11,15,6,9,14,2,12,16,3,7,5,8,9
166507,10,3.7,4.1,5.9,6.0,7.7,21.9,28.8,31.1,33.0,33.9,34.6,35.9,52.6,67.1,85.7,131.7,1200,-1,-1,-1,-1,5,14,6,1,2,3,15,10,13,4,12,11,9,7,8,16,15
166510,1,3.7,4.3,5.6,7.3,8.7,10.8,12.7,21.3,27.2,41.5,89.3,90.4,114.4,129.3,133.7,224.9,1200,-1,-1,-1,1,4,5,11,7,9,15,8,10,16,1,14,13,6,12,3,2,10
166511,2,2.1,4.1,7.1,9.1,11.7,13.6,23.4,31.7,64.3,83.8,89.6,90.5,239.7,242.9,249.9,450.6,1800,-1,-1,-1,1,5,1,16,6,11,4,8,10,15,9,7,13,12,3,2,14,2
166517,8,2.0,5.7,7.0,10.1,10.2,12.1,25.8,27.6,31.4,50.8,62.1,79.8,92.2,286.8,316.1,394.6,1200,-1,-1,-1,1,12,3,1,6,8,9,11,10,4,14,16,15,13,2,7,5,2
166521,12,2.6,4.7,7.5,7.6,12.1,12.2,18.1,25.4,31.1,37.9,46.9,55.0,61.2,62.3,107.6,198.7,1400,-1,-1,-1,1,5,12,15,13,1,2,16,11,14,9,8,10,6,4,3,7,2
166522,1,2.8,4.3,6.9,9.2,9.2,12.3,13.6,24.1,31.7,36.8,49.4,70.6,88.7,192.9,250.5,343.1,1800,-1,1,-1,1,1,16,3,6,7,8,11,2,10,9,14,4,15,12,13,5,3
166523,2,2.8,4.1,5.4,6.5,11.1,14.0,17.9,26.3,34.8,72.2,118.1,129.0,292.2,438.7,574.6,580.5,1400,-1,1,-1,1,8,3,16,13,14,4,2,7,15,12,5,9,1,10,6,11,7
166524,3,2.9,5.6,5.9,6.7,7.9,11.2,13.4,24.8,34.5,61.1,65.7,102.3,145.5,181.6,229.4,484.3,1900,-1,1,-1,1,8,1,6,12,11,4,9,2,14,10,7,16,5,13,3,15,6
166533,12,3.0,3.5,6.8,8.3,12.8,15.5,17.6,19.8,30.8,43.7,44.3,50.0,70.4,126.2,315.4,337.3,1400,-1,1,-1,0,14,16,8,9,2,4,15,10,3,11,6,1,7,12,5,13,2
166534,1,3.9,4.2,5.4,5.8,6.9,11.9,21.7,23.9,26.4,51.7,79.7,91.0,169.2,235.7,238.5,449.1,1200,-1,1,-1,1,15,9,14,16,12,1,10,7,2,8,13,6,11,5,3,4,6
166535,2,3.0,4.3,6.2,6.2,6.8,21.8,25.0,26.6,29.8,38.5,67.5,120.6,153.4,179.0,369.5,598.7,1800,-1,1,-1,1,7,4,16,15,9,6,10,13,1,12,11,5,14,8,2,3,4
166538,5,2.3,5.1,5.3,10.6,12.5,18.1,22.2,22.3,32.6,36.3,36.8,62.5,111.6,118.3,131.5,379.3,1400,-1,1,-1,1,2,15,5,11,12,13,16,10,1,3,9,7,4,8,14,6,3
166546,1,1.9,4.2,5.1,12.1,13.8,14.9,40.6,53.9,57.1,161.9,204.4,242.8,253.5,280.4,451.6,507.0,1800,-1,-1,-1,1,5,13,11,16,1,10,12,15,14,6,3,7,9,8,4,2,13
166547,2,1.8,5.0,6.1,10.0,19.0,23.6,27.9,29.8,32.3,39.5,90.8,173.7,257.9,359.0,461.0,482.8,1400,-1,-1,-1,1,13,12,5,16,15,2,3,11,14,1,8,6,10,4,9,7,7
166550,5,2.5,3.6,7.4,7.7,8.8,20.7,22.3,25.3,43.0,75.7,90.5,123.7,131.0,162.0,173.1,320.8,2200,1,2,-1,1,5,1,11,6,4,3,13,2,15,10,14,7,8,16,9,12,1
166551,6,2.9,3.9,5.7,6.0,12.2,16.2,26.8,32.9,35.0,45.2,63.4,77.9,91.7,93.2,140.2,554.4,1400,-1,1,-1,1,14,12,11,4,5,9,6,10,16,15,2,7,13,1,3,8,4
166553,8,2.6,6.3,6.3,6.6,9.8,13.7,13.9,18.4,25.2,49.9,77.2,93.5,102.0,138.4,167.0,387.5,1200,-1,1,-1,1,2,4,12,5,8,13,16,1,6,3,9,11,7,15,14,10,3
166557,12,4.2,5.1,7.3,7.5,7.7,8.5,10.4,13.5,19.7,35.6,41.7,116.7,127.4,130.7,139.9,201.0,1800,-1,1,-1,1,15,12,7,11,2,10,13,5,8,4,3,1,16,9,14,6,7
166558,1,2.2,4.7,5.9,6.9,15.0,15.6,27.7,35.1,43.3,48.0,76.7,106.8,145.2,164.9,165.6,279.9,1400,-1,1,-1,1,5,12,4,9,6,1,7,15,14,10,11,8,13,3,16,2,1
166559,2,2.8,3.7,6.3,6.8,8.3,11.0,25.1,51.0,63.5,69.5,105.3,216.0,239.7,276.4,353.8,467.2,1200,-1,1,-1,1,12,5,9,7,14,16,4,6,8,11,2,3,1,15,13,10,1
166560,3,3.0,3.3,5.0,8.3,8.9,14.1,19.8,36.1,85.7,101.3,132.5,147.1,203.4,214.6,285.7,484.5,1800,-1,1,-1,1,1,10,6,3,15,12,4,14,11,13,7,16,2,9,8,5,1
166563,6,4.9,4.9,5.4,5.8,7.2,11.0,11.4,23.7,34.3,35.5,41.5,45.0,56.6,304.0,339.9,342.2,1400,-1,2,-1,1,14,8,11,2,5,10,1,7,15,4,13,6,12,9,3,16,2
166567,10,4.5,5.8,6.0,8.0,8.1,8.4,19.8,20.2,23.1,23.9,27.2,27.9,36.6,45.2,72.2,112.7,1400,-1,2,-1,1,8,7,15,4,12,9,6,2,10,3,1,5,16,11,13,14,7
166569,12,4.7,5.2,5.7,6.8,7.0,7.2,11.2,25.4,35.6,46.5,56.4,62.9,71.0,105.1,142.5,191.9,1400,-1,2,-1,1,7,8,6,2,11,15,13,9,3,10,16,12,14,5,1,4,5
166571,2,2.1,4.6,5.7,8.2,13.4,23.6,24.7,26.9,31.9,52.5,140.4,170.7,306.5,422.8,459.8,686.2,1400,-1,1,-1,0,9,16,15,3,6,13,8,2,1,7,14,10,12,4,5,11,1
166575,6,1.8,4.4,9.8,12.0,13.2,13.6,22.4,33.5,59.8,99.8,102.6,129.4,189.8,197.8,266.6,514.2,1200,-1,2,-1,0,14,10,12,4,9,7,2,5,11,3,1,8,16,15,6,13,6
166577,8,3.0,3.3,7.6,7.9,10.2,13.1,13.2,41.0,42.1,46.1,48.5,111.4,159.4,163.5,215.9,256.2,1200,-1,2,-1,0,7,16,3,2,14,15,5,9,6,12,1,4,13,8,11,10,5
166581,12,1.9,4.0,7.5,11.1,14.7,17.5,25.4,38.7,50.2,57.3,63.2,76.5,146.0,182.8,208.4,324.6,1900,-1,2,-1,1,8,13,4,3,2,15,11,16,12,9,7,6,5,1,10,14,2
166583,2,2.7,4.0,5.1,12.9,13.0,21.6,22.8,23.0,25.9,27.1,32.2,51.6,54.3,82.0,137.0,291.8,1200,-1,2,-1,1,5,9,1,10,15,12,3,14,11,8,6,4,16,13,2,7,1
166593,12,3.4,4.9,5.0,7.4,10.7,12.1,18.2,19.6,24.2,33.1,37.6,48.7,81.1,128.8,159.8,273.2,1400,-1,2,-1,1,9,12,1,6,16,8,2,3,13,4,10,5,15,14,7,11,5
166594,1,1.7,4.5,4.8,14.1,29.5,30.0,39.3,50.0,67.2,93.5,135.9,176.9,217.2,246.8,275.2,446.8,1800,-1,2,-1,1,13,6,5,11,16,12,3,10,9,8,15,2,7,1,14,4,1
166595,2,1.8,3.5,9.5,18.3,19.3,28.1,28.3,28.3,30.7,35.4,50.0,53.6,106.9,156.4,178.9,461.2,1400,-1,2,-1,1,3,5,7,2,8,13,16,6,14,1,9,15,11,4,12,10,7
166596,3,3.8,5.2,5.7,7.1,7.3,8.0,11.9,16.0,33.5,55.0,83.1,165.7,186.1,211.5,253.5,391.7,1200,-1,2,-1,1,6,2,13,9,7,3,14,1,4,16,10,12,8,5,11,15,5
166598,5,4.5,5.0,5.4,5.7,8.1,9.3,11.2,26.2,40.9,44.9,46.0,69.8,73.7,75.9,201.8,234.7,1200,1,2,-1,1,1,12,5,15,4,13,2,10,16,7,8,11,14,6,9,3,2
166601,8,2.6,5.2,7.9,8.5,11.9,14.6,15.6,21.9,23.6,26.0,26.3,52.0,56.4,95.6,119.0,395.9,1400,-1,2,-1,1,6,13,15,14,16,10,11,5,7,8,9,3,12,2,4,1,1
166605,12,1.9,3.4,12.6,16.7,17.0,21.8,22.2,24.8,28.4,29.0,69.7,76.8,88.6,132.1,140.9,182.2,1800,-1,2,-1,1,2,6,16,15,12,1,11,7,13,9,4,14,5,10,3,8,1
166606,1,3.3,3.7,5.7,7.0,14.0,16.3,17.2,18.1,19.4,28.0,66.5,98.8,228.1,275.2,286.2,289.0,1200,-1,2,-1,1,14,15,3,1,6,10,16,5,4,11,9,2,12,7,8,13,13
166608,3,2.6,4.6,7.0,7.3,8.0,12.7,21.3,21.5,41.6,58.2,65.9,66.7,153.2,311.5,351.1,442.4,2000,1,2,-1,1,4,8,16,5,3,14,15,7,12,9,13,10,2,11,1,6,6
166616,11,2.5,6.7,7.1,7.7,13.5,17.0,17.9,18.5,19.4,26.5,32.3,35.0,44.5,78.6,89.1,153.6,1400,-1,2,-1,1,2,7,3,10,8,5,13,9,12,14,4,16,15,11,1,6,1
166620,3,1.6,6.2,9.1,10.5,13.5,14.9,36.0,41.2,42.3,48.9,103.0,165.1,186.1,205.7,220.2,227.6,1900,-1,2,-1,1,13,9,1,7,4,12,5,16,8,6,2,14,11,3,10,15,1
166622,5,1.9,4.6,5.3,8.6,9.1,17.3,39.9,72.1,149.5,175.7,244.1,374.1,419.4,423.9,481.8,826.5,2000,1,2,-1,1,7,5,14,1,9,11,15,6,12,10,2,4,16,13,8,3,1
166623,6,3.3,4.3,8.1,9.5,11.0,11.1,11.7,14.1,19.4,27.6,31.3,66.4,85.4,166.7,351.2,445.0,1600,1,2,-1,1,13,6,11,8,7,2,10,15,9,4,3,12,14,5,1,16,2
166624,7,1.8,6.1,7.2,10.9,13.3,13.3,22.4,27.4,35.6,54.1,67.1,105.1,125.8,167.7,211.4,477.8,1800,-1,2,-1,1,14,13,8,1,16,10,4,15,2,5,3,9,7,6,12,11,13
166627,10,2.7,4.9,6.4,6.9,10.3,11.6,19.6,39.7,41.0,44.7,51.4,60.3,68.1,77.5,128.1,133.5,1200,-1,2,-1,1,16,9,5,8,2,10,12,1,11,6,4,15,14,13,7,3,1
166630,1,1.4,7.4,14.3,14.3,15.0,19.9,24.3,30.8,44.4,47.7,61.6,150.5,168.8,201.6,417.7,676.9,1800,-1,2,-1,1,6,14,12,1,10,2,5,9,3,11,15,7,8,4,13,16,5
166631,2,1.1,9.8,16.0,20.2,26.5,27.5,32.3,38.7,61.6,65.6,68.0,100.5,177.2,239.3,301.0,539.4,1200,-1,2,-1,1,8,11,12,7,10,5,2,9,4,16,3,15,6,1,13,14,2
166635,6,1.8,4.0,8.7,13.0,19.0,22.2,29.1,32.3,34.3,36.4,95.5,108.3,111.3,140.5,181.6,383.6,1200,1,2,-1,1,1,14,10,11,13,3,15,9,6,7,16,12,4,8,5,2,1
166636,7,2.2,4.9,5.4,7.4,13.5,19.7,26.1,26.4,36.3,62.7,67.7,73.9,104.2,228.5,341.0,497.6,1200,-1,2,-1,1,1,15,12,14,7,3,16,5,13,8,6,4,2,11,9,10,1
166641,12,3.8,5.2,6.1,6.2,6.9,8.3,23.8,28.7,31.0,31.1,32.5,72.2,98.7,98.8,170.9,438.9,1400,-1,2,-1,1,15,7,4,1,6,13,3,16,8,5,12,2,10,9,11,14,2
166642,1,2.6,4.2,6.0,7.4,12.4,18.0,19.4,30.1,33.3,37.6,41.0,46.2,210.9,220.1,270.1,292.6,1800,-1,2,-1,1,4,10,3,7,8,12,16,11,15,2,1,13,5,6,14,9,12
166643,2,3.4,3.7,7.7,7.8,10.1,11.5,11.9,26.4,31.4,31.6,48.6,70.2,79.3,98.7,115.3,165.5,1200,-1,2,-1,1,3,7,5,14,10,1,12,15,9,6,16,11,8,4,2,13,8
166644,3,2.7,3.1,4.6,10.3,11.4,26.9,27.0,27.1,85.7,92.0,96.6,139.8,215.8,221.9,243.5,310.3,1800,-1,2,-1,1,7,3,8,1,4,16,15,13,9,14,10,2,5,12,6,11,1
166645,4,3.1,3.8,4.2,6.7,17.0,19.2,19.9,27.3,41.1,66.3,79.1,116.7,137.7,152.7,202.9,227.3,1400,-1,2,-1,1,10,1,3,12,9,11,14,16,8,2,6,7,15,4,5,13,3
166646,5,1.6,5.3,5.7,15.3,24.6,28.1,29.5,29.7,39.9,80.0,81.7,92.5,137.3,164.1,224.5,339.3,1800,1,2,-1,1,8,7,10,9,12,5,1,6,2,14,4,3,13,16,15,11,1
166648,7,2.4,2.8,10.2,10.9,13.2,16.1,23.9,29.8,48.1,66.5,71.1,73.1,127.9,151.0,218.9,245.0,1200,-1,2,-1,1,7,9,16,14,3,6,15,12,1,11,13,5,10,8,4,2,5
166649,8,4.2,4.9,5.4,7.0,7.9,12.4,16.1,17.2,17.6,22.3,58.2,94.4,104.2,104.7,138.7,173.9,1400,-1,2,-1,1,9,11,8,15,2,7,5,14,16,6,1,3,10,4,13,12,2
166650,9,2.1,5.5,7.5,8.4,12.3,25.6,26.2,27.3,28.5,29.4,33.4,41.3,47.0,53.8,305.1,523.5,1600,1,2,-1,0,2,3,15,14,12,4,10,7,8,11,13,6,5,1,9,16,4
166655,2,2.1,3.8,6.4,6.8,7.3,40.2,57.7,106.1,109.3,164.9,171.9,178.0,343.9,432.5,564.8,660.5,1800,-1,2,-1,1,9,8,16,1,7,6,3,14,11,2,15,4,12,13,5,10,1
166656,3,2.6,3.6,5.6,7.8,15.5,20.9,27.1,31.5,34.3,35.3,49.2,75.9,80.6,144.2,208.1,800.7,1600,1,2,-1,1,6,5,11,15,1,3,4,16,12,9,2,7,8,13,14,10,4
166658,5,1.4,6.5,12.1,16.5,19.6,20.6,26.4,30.2,36.7,43.8,72.9,140.0,194.6,262.5,322.2,340.9,2000,1,2,-1,1,13,14,6,7,9,15,11,16,2,8,4,5,3,1,12,10,2
166661,8,3.3,3.9,4.1,9.9,10.1,11.5,26.7,29.1,37.2,38.5,56.3,85.8,255.2,265.3,286.6,291.9,1600,1,2,-1,1,9,10,7,8,13,3,12,15,1,5,11,2,6,16,14,4,3
166665,12,3.6,4.0,4.7,6.1,14.8,15.7,16.8,21.0,24.5,40.4,42.7,87.6,204.5,214.7,347.5,449.1,1400,-1,2,-1,1,16,5,1,13,7,9,6,8,2,12,3,10,14,11,4,15,2
166666,1,1.6,7.1,10.3,10.3,11.5,13.1,49.5,49.7,50.4,54.0,56.2,64.1,108.1,108.4,322.3,490.9,1200,-1,2,-1,1,6,3,12,8,5,13,16,2,15,4,1,10,11,14,9,7,1
166668,3,1.8,5.3,9.0,11.2,11.8,17.4,25.9,35.9,45.4,50.1,54.7,61.6,65.8,97.4,105.7,107.0,1200,-1,2,-1,1,5,7,6,2,3,16,4,11,10,13,14,15,1,9,8,12,2
166670,5,2.9,4.3,4.8,6.2,11.1,12.9,17.2,26.2,43.4,127.6,147.9,160.5,213.5,239.4,298.5,436.4,2000,1,2,-1,1,15,13,1,8,14,3,4,12,9,5,10,6,2,7,16,11,2
166673,8,1.7,4.5,5.4,15.3,21.7,24.8,33.5,36.2,36.4,91.7,129.2,146.6,227.8,267.8,338.5,406.0,1200,-1,2,-1,1,11,6,7,15,9,10,3,13,5,4,2,8,12,14,1,16,1
166676,11,2.0,5.6,7.3,10.7,12.6,14.9,15.3,30.7,36.7,41.1,59.7,70.2,90.5,109.7,322.7,487.6,1600,1,2,-1,1,9,11,16,12,10,2,8,3,13,7,4,5,1,15,14,6,2
166677,12,1.8,4.1,5.7,14.4,14.7,26.8,34.5,37.2,58.0,114.1,121.1,134.5,138.1,138.2,193.2,376.1,1800,-1,2,-1,1,2,5,7,16,14,10,13,1,4,9,8,15,12,3,11,6,6
166679,2,1.7,3.8,7.3,14.5,16.6,21.3,28.2,32.5,63.5,92.6,120.5,162.1,236.6,283.2,448.6,999.9,1200,-1,2,-1,1,10,1,7,12,3,8,5,14,11,13,16,4,6,2,9,15,1
166680,3,2.5,6.3,6.8,8.1,8.7,9.5,18.5,19.0,28.3,40.9,53.2,80.9,143.8,201.0,241.4,258.3,1400,-1,2,-1,1,8,16,7,2,6,15,11,13,9,12,10,14,3,4,1,5,3
166681,4,3.5,4.2,5.9,6.4,7.2,14.5,21.7,26.8,29.7,36.4,61.5,79.6,95.4,168.6,195.0,271.5,1800,-1,2,-1,1,10,13,15,2,4,12,1,3,8,16,5,9,14,6,7,11,3
166682,5,2.8,4.4,4.6,5.4,9.9,17.2,21.3,48.9,98.6,101.4,110.2,119.3,175.7,250.1,307.8,332.6,1600,1,2,-1,0,4,11,10,13,6,1,12,14,9,7,8,2,3,15,16,5,1
166688,11,4.4,5.5,5.7,7.1,7.7,7.7,20.8,22.1,25.4,33.6,38.7,44.6,44.6,48.8,97.8,124.7,1800,1,2,-1,0,15,16,11,9,3,7,10,14,1,5,13,4,2,12,6,8,8
166689,12,3.4,4.6,5.6,9.2,9.3,10.8,18.0,18.7,21.3,34.1,44.4,63.3,64.8,99.6,216.1,316.3,1200,1,2,-1,0,12,2,13,1,3,7,4,15,10,5,11,8,14,9,6,16,2
166690,1,1.8,3.0,8.5,11.5,27.0,27.2,34.5,40.0,72.3,105.0,165.2,191.6,258.8,330.1,389.7,413.9,1400,-1,1,-1,1,8,5,6,13,15,7,1,9,16,12,3,4,14,11,2,10,1
166692,3,1.5,6.9,8.0,10.9,11.3,31.8,36.1,42.2,47.5,51.3,105.0,141.2,156.6,354.6,557.4,597.2,1200,-1,1,-1,1,9,8,10,16,1,5,7,12,2,13,14,6,11,4,15,3,4
166693,4,1.9,3.0,5.7,14.5,16.0,39.7,42.3,53.1,67.9,105.0,130.7,151.9,207.4,318.1,536.2,693.5,1400,1,2,-1,1,6,11,14,16,1,15,9,2,4,13,12,3,8,7,5,10,5
166704,3,1.8,6.7,7.7,9.6,9.7,21.4,25.3,33.0,51.3,51.6,55.8,78.4,98.5,106.1,251.6,331.9,1800,-1,2,-1,1,4,12,13,14,1,6,10,8,5,15,3,16,2,7,9,11,1
166705,4,2.6,4.3,6.5,7.1,11.8,13.3,19.3,25.0,26.0,28.4,86.2,162.8,250.1,363.5,539.5,889.6,1800,1,2,-1,1,7,5,14,12,15,4,3,8,1,6,13,2,11,10,9,16,3
166713,12,1.9,6.0,8.6,9.7,13.1,18.9,24.7,26.1,30.2,30.4,42.5,47.9,61.2,68.2,135.0,305.8,1200,-1,2,-1,0,5,15,10,9,6,3,13,7,2,16,8,4,12,11,14,1,10
166716,3,1.8,3.6,5.4,14.2,20.3,20.7,44.6,53.1,59.5,109.3,192.7,199.3,207.0,518.9,586.0,932.7,1400,-1,-2,-1,0,5,9,6,8,7,2,14,12,1,10,16,3,11,15,4,13,2
166717,4,2.8,5.1,6.6,7.6,7.8,13.5,17.1,20.4,32.0,40.3,46.1,64.1,72.7,202.7,216.1,305.2,1800,-1,-2,-1,0,4,15,12,14,1,11,8,9,5,2,3,10,6,16,13,7,5
166718,5,1.5,3.5,9.9,15.5,18.0,32.1,40.6,72.7,94.7,161.7,248.6,331.3,394.0,461.1,529.1,598.1,2400,1,-1,-1,0,16,12,8,15,11,1,14,4,5,3,13,9,7,2,6,10,7
166720,7,4.1,5.1,5.7,6.3,7.0,11.2,20.4,22.2,26.7,27.3,31.1,38.0,87.0,186.2,373.9,451.6,1400,1,-1,-1,0,5,9,15,16,12,4,11,6,13,2,14,10,3,1,7,8,2
166721,8,3.2,3.4,4.0,6.8,12.5,29.0,37.0,38.0,39.1,53.4,61.0,104.5,105.1,131.7,196.3,476.5,1800,-1,-1,-1,0,8,6,9,2,13,11,10,1,15,4,3,5,16,7,12,14,3
166726,1,1.8,6.8,7.1,9.7,12.4,14.0,17.1,35.4,37.2,46.2,68.2,104.8,120.8,176.3,192.2,303.9,1800,-1,-1,-1,1,2,8,6,10,15,12,11,16,13,5,1,7,9,14,3,4,1
166727,2,1.9,4.3,5.4,11.8,16.4,19.3,26.1,33.9,36.7,93.3,130.0,135.0,257.9,396.8,515.8,652.5,1200,-1,-1,-1,1,16,7,6,14,13,3,10,1,5,11,9,2,8,4,15,12,2
166728,3,1.5,3.3,14.9,18.1,20.0,34.2,43.1,44.7,54.3,96.3,177.0,299.9,318.1,391.3,473.9,502.7,1800,-1,-1,-1,1,1,4,8,6,9,5,2,12,15,10,14,3,13,11,7,16,1
166729,4,2.6,4.0,8.0,9.0,9.5,11.3,12.9,33.2,34.7,67.4,75.7,96.9,97.0,209.1,338.2,356.8,1600,1,1,-1,1,13,2,5,3,6,11,8,9,10,15,16,12,1,14,4,7,11
166730,5,2.9,4.4,5.2,9.1,14.5,16.7,19.2,20.7,22.1,30.4,44.1,55.3,63.0,106.0,185.5,257.6,2000,1,1,-1,1,10,3,4,5,16,2,11,1,6,7,12,14,13,8,15,9,3
166734,9,2.5,4.7,5.0,7.5,16.2,22.0,25.2,26.1,30.0,33.4,55.9,68.8,80.5,127.8,188.6,354.2,1800,-1,1,-1,1,10,8,12,6,13,2,1,9,5,7,3,16,4,14,15,11,4
166738,1,1.9,4.8,7.0,11.2,11.5,12.9,20.1,37.2,59.8,80.2,81.0,95.5,256.6,291.5,357.1,527.2,1400,-1,2,-1,1,13,4,9,6,8,1,16,3,14,2,7,5,12,11,10,15,1
166739,2,2.1,4.7,9.1,10.3,10.3,15.2,18.8,23.3,28.1,34.2,74.5,98.6,115.5,253.9,424.6,436.4,1800,-1,2,-1,1,4,16,10,5,8,14,1,9,15,2,13,3,6,11,7,12,4
166740,3,1.6,3.4,8.2,8.5,35.3,47.1,51.2,68.2,94.1,103.0,164.8,223.1,234.3,283.0,302.3,343.9,1200,-1,2,-1,1,16,14,1,10,15,4,8,13,5,9,7,2,6,3,11,12,2
166747,10,3.6,4.6,5.7,6.7,8.5,14.5,14.7,20.5,23.1,44.6,57.7,59.5,81.9,91.2,120.0,244.8,2000,-1,2,-1,1,15,10,9,13,8,3,14,2,1,16,12,11,6,7,5,4,1
166760,11,2.0,4.2,6.6,13.6,19.5,21.5,23.8,23.8,37.7,43.0,45.8,49.1,64.3,88.7,94.7,533.9,1600,1,2,-1,0,8,12,1,2,7,13,10,15,3,11,6,16,4,5,9,14,2
166761,12,3.9,4.6,7.7,8.0,9.1,10.0,11.9,15.5,19.1,23.7,46.5,54.8,81.2,90.7,103.8,282.4,1800,-1,2,-1,0,4,13,6,10,16,15,2,7,12,9,14,8,11,1,5,3,1
166762,1,2.1,6.9,7.2,8.0,8.6,9.9,24.5,30.2,47.9,50.0,54.0,70.5,76.9,165.0,339.7,353.9,1200,-1,2,-1,1,12,4,16,2,5,8,13,9,14,11,10,1,3,6,7,15,1
166763,2,2.8,3.0,6.4,10.3,12.3,13.3,16.9,21.1,66.8,68.8,105.2,153.5,182.0,237.7,386.5,413.5,1800,-1,2,-1,1,11,10,8,3,5,7,13,9,16,2,15,6,4,1,14,12,12
166766,5,2.8,3.6,6.4,6.6,11.8,15.9,19.1,26.3,37.5,67.9,117.6,120.3,144.9,203.6,358.5,397.0,1400,-1,2,-1,1,1,6,16,7,5,11,3,2,4,14,10,15,8,9,13,12,6
166768,7,2.8,4.8,6.7,7.5,8.4,12.3,15.0,20.8,29.1,55.6,56.8,76.4,140.9,193.6,245.5,319.0,1400,-1,2,-1,1,2,16,15,8,13,12,9,14,11,10,7,4,3,6,5,1,2
166773,12,2.5,5.4,5.4,7.5,10.9,11.9,25.6,28.5,54.4,57.5,59.6,70.2,78.9,100.6,128.8,132.3,1800,-1,2,-1,1,13,8,3,15,12,16,2,10,4,11,9,7,5,14,1,6,2
166774,1,3.4,4.6,4.8,7.9,8.1,12.4,18.0,29.0,31.4,48.0,73.2,77.3,84.1,89.3,109.8,130.9,1200,-1,2,-1,0,5,2,9,1,14,15,8,13,10,4,11,16,3,12,6,7,1
166775,2,1.9,3.6,6.1,8.1,22.2,27.5,33.0,43.4,137.5,180.3,200.6,261.3,273.2,289.2,409.0,447.5,1400,-1,2,-1,0,10,2,14,4,1,13,12,8,11,16,6,7,9,5,3,15,1
166776,3,1.7,4.3,5.5,8.8,12.6,40.3,99.7,108.6,126.5,145.4,189.6,255.1,286.1,397.7,637.2,701.6,1800,-1,2,-1,0,8,7,16,4,6,2,9,14,1,13,5,10,3,15,12,11,1
166787,2,1.5,4.7,7.3,12.8,17.2,23.4,47.8,58.5,86.7,96.2,147.2,181.9,221.5,222.8,250.9,496.9,1400,-1,-1,-1,1,6,4,2,7,3,15,9,8,13,12,11,10,16,1,14,5,5
166788,3,2.1,3.5,7.0,12.3,13.5,14.2,29.3,30.7,51.6,104.1,109.7,127.2,147.9,174.0,259.7,783.9,1800,-1,-1,-1,1,9,2,3,5,15,16,1,11,13,6,10,8,14,4,7,12,8
166789,4,2.2,3.2,4.6,10.2,18.8,35.2,38.6,40.1,63.0,69.6,108.8,212.6,381.5,407.4,421.3,599.2,2000,1,1,-1,1,12,3,10,7,13,15,1,11,14,4,2,9,6,16,8,5,1
166790,5,2.4,3.0,6.0,9.8,10.4,25.2,25.6,44.3,50.0,112.9,118.2,149.1,172.9,210.8,484.5,517.0,1200,-1,-1,-1,1,14,2,9,5,3,10,7,8,16,15,12,4,1,13,6,11,7
166795,10,3.1,4.5,6.9,7.6,8.1,9.6,10.0,41.0,51.4,72.6,78.4,82.6,91.1,107.5,114.4,201.1,1400,1,2,-1,1,7,4,16,5,2,9,11,6,13,12,10,15,14,1,3,8,2
166797,12,3.0,4.1,4.6,6.6,12.1,21.5,21.6,27.3,33.1,63.9,67.1,70.8,99.6,119.3,367.2,488.0,1800,-1,1,-1,1,8,3,1,16,7,9,15,11,5,4,2,13,12,6,14,10,10
166798,1,3.8,4.1,4.6,5.0,9.0,9.9,25.1,59.8,66.8,82.3,87.0,139.1,141.9,182.6,211.3,353.5,1400,-1,1,-1,1,14,9,2,1,5,16,8,7,15,6,4,12,13,3,10,11,2
166800,3,1.7,4.8,9.4,11.3,12.0,13.7,30.1,44.5,45.1,59.2,133.9,137.0,169.3,226.4,433.9,614.9,1800,-1,1,-1,1,2,3,6,11,4,5,16,10,8,9,15,13,1,14,12,7,15
166807,10,3.1,5.1,5.5,5.7,15.4,16.0,17.9,23.5,25.0,27.9,48.3,48.7,85.5,86.7,90.9,212.6,2400,1,2,-1,1,10,9,12,13,16,15,5,6,1,11,14,2,3,7,8,4,1
166809,12,2.7,5.7,7.3,7.5,10.9,13.5,14.0,20.7,21.9,29.4,34.4,36.1,142.9,187.4,236.3,255.8,1800,-1,1,-1,1,4,7,13,1,15,2,8,11,12,10,6,9,5,3,16,14,5
166810,1,1.9,4.2,7.8,11.4,12.3,16.2,23.6,37.0,46.6,49.0,124.1,191.5,228.0,247.7,263.3,362.7,1200,-1,2,-1,1,3,13,5,11,15,16,4,14,6,12,7,9,2,8,10,1,9
166811,2,2.2,5.4,6.5,8.2,9.5,12.4,17.3,26.7,48.8,64.0,67.0,132.7,136.0,191.3,346.6,376.3,1800,-1,2,-1,1,8,15,10,14,12,4,3,6,11,2,1,7,5,13,9,16,5
166812,3,3.1,5.1,6.1,7.7,8.5,9.3,18.1,22.4,22.5,32.3,61.8,85.7,122.3,144.5,151.3,472.1,1400,-1,2,-1,1,14,7,13,1,8,9,11,5,10,15,12,2,16,3,6,4,4
166820,11,1.8,4.9,5.3,8.9,23.4,29.0,33.3,38.7,40.3,48.2,63.3,193.2,220.4,271.6,381.2,544.2,1800,-1,2,-1,1,9,3,16,1,2,14,4,7,5,11,15,13,10,12,6,8,1
166821,12,4.6,5.8,6.6,7.5,8.8,9.5,10.0,11.2,20.0,26.7,32.8,43.2,53.9,106.2,183.2,229.8,1400,-1,2,-1,1,5,4,10,8,15,1,11,6,13,7,9,16,12,3,14,2,5
166822,1,3.2,4.6,6.3,6.4,8.4,11.3,16.0,20.2,35.7,65.4,73.8,94.2,153.0,158.2,187.3,194.8,1800,-1,-1,-1,0,15,7,3,16,11,8,1,5,13,6,9,2,10,12,14,4,2
166824,3,2.8,4.2,4.4,9.6,10.7,15.0,19.8,27.6,32.2,57.7,62.1,96.6,228.6,255.2,349.2,420.1,1800,-1,-1,-1,0,11,12,5,1,7,13,8,10,3,15,6,4,9,2,16,14,10
166829,8,2.8,2.9,5.0,9.8,14.5,23.5,27.5,44.9,48.0,55.3,62.0,141.9,186.8,202.3,235.9,286.1,1400,-1,-1,-1,1,6,13,16,5,9,1,12,10,11,14,15,4,8,7,3,2,2
166830,9,3.9,4.0,6.5,7.0,7.8,10.3,18.1,33.5,34.8,37.5,47.6,50.2,55.7,76.3,83.7,169.0,1200,1,1,-1,1,3,9,5,8,10,16,7,2,4,13,15,1,14,6,11,12,3
166831,10,2.8,5.8,6.1,6.7,12.7,13.4,13.9,20.6,21.8,36.3,51.0,52.5,87.6,93.2,155.2,160.9,1200,-1,1,-1,1,1,2,16,8,11,6,7,9,3,10,15,4,14,5,13,12,14
166833,12,2.6,3.7,7.3,9.7,9.9,13.1,28.1,31.8,36.6,43.1,59.8,85.0,89.4,94.7,125.4,194.3,2000,-1,1,-1,1,6,7,3,11,4,15,8,10,9,12,13,1,16,5,2,14,9
166837,4,4.7,5.1,5.5,7.0,7.1,8.0,11.8,17.8,18.4,27.0,142.7,187.5,212.6,270.0,275.6,315.9,1800,1,1,-1,-1,1,4,10,9,5,7,12,6,13,2,14,16,8,3,15,11,1
166838,5,3.5,4.8,6.5,8.1,8.8,13.1,16.3,17.1,22.9,30.0,33.6,47.6,57.0,75.0,96.0,144.4,1700,-1,-1,-1,-1,8,12,11,16,5,2,10,7,1,14,9,3,15,4,13,6,11
166845,12,2.2,5.5,7.7,8.4,14.7,17.5,20.7,20.8,32.2,33.8,37.8,44.1,63.6,75.9,90.6,184.5,1800,1,1,-1,0,5,9,16,8,1,2,15,3,4,13,11,6,10,14,7,12,9
166846,1,2.3,4.4,4.5,8.9,18.4,25.9,27.0,30.9,39.2,60.8,72.4,83.4,86.1,108.7,222.7,252.3,1700,-1,-1,-1,0,13,2,10,6,11,14,8,1,9,4,12,15,16,3,5,7,3
166851,6,3.3,3.3,7.8,8.1,11.9,15.1,18.1,23.5,24.8,27.6,38.5,45.1,102.5,153.2,176.2,258.7,2600,1,1,-1,0,1,5,3,16,15,13,11,7,6,10,2,14,12,4,8,9,1
166852,7,3.6,3.6,4.2,7.4,16.1,21.5,24.1,27.7,29.4,30.0,32.9,66.7,68.6,74.6,118.0,296.9,1700,-1,-1,-1,0,16,8,12,7,11,6,15,2,5,4,13,14,1,10,9,3,1
166854,9,4.3,4.7,6.2,6.9,9.2,12.7,14.4,15.8,18.8,24.1,36.6,49.4,58.4,106.8,117.4,132.2,1800,1,1,-1,0,8,12,6,7,13,4,5,3,11,1,2,14,10,9,16,15,8
166858,1,3.4,3.5,6.3,8.2,8.9,11.2,21.1,22.8,30.3,45.3,48.6,108.2,169.3,172.3,227.6,232.1,1700,-1,-2,-1,-1,8,3,2,16,11,6,1,5,9,15,10,14,12,4,7,13,6
166861,4,2.3,4.0,6.8,7.3,9.2,21.1,23.7,29.5,59.2,75.4,98.9,131.8,162.1,190.2,254.4,464.5,1800,1,-1,-1,-1,5,4,15,7,2,11,3,6,12,16,14,8,9,1,10,13,11
166868,11,3.3,4.5,7.2,8.1,8.3,13.2,14.1,17.2,23.8,24.7,58.6,62.0,82.8,115.4,141.0,207.7,1700,-1,-2,-1,0,4,14,11,15,16,8,1,7,9,6,5,13,2,3,10,12,3
166870,1,1.7,8.0,9.1,12.4,14.0,14.4,21.1,22.3,22.4,29.3,71.5,96.2,98.8,117.4,190.0,226.9,1700,-1,-2,-1,1,9,7,15,14,5,13,2,10,4,3,11,1,12,8,6,16,1
166880,11,4.2,5.7,7.9,8.0,8.5,8.9,15.1,15.7,16.6,18.9,33.3,38.7,41.5,63.5,70.8,136.1,1800,1,2,-1,1,4,2,16,6,11,1,10,5,15,14,3,12,7,8,9,13,2
166887,6,2.4,5.4,7.1,8.4,11.7,17.7,19.4,24.2,24.5,28.4,29.5,60.4,86.1,101.6,141.2,443.8,1700,-1,1,-1,0,1,16,12,13,9,6,14,4,7,11,3,15,8,5,2,10,3
166891,10,3.3,3.8,5.1,12.5,13.0,13.3,13.6,19.3,28.1,31.3,39.2,45.1,76.9,120.5,208.6,212.5,1800,1,1,-1,0,4,6,12,9,11,3,2,5,8,13,15,16,14,10,7,1,10
166894,1,3.0,4.0,6.4,6.8,7.2,13.4,20.7,36.5,39.5,65.4,73.2,107.4,119.5,147.8,189.3,211.8,1700,-1,1,-1,1,10,5,1,9,8,2,11,12,3,7,4,6,15,14,16,13,1
166898,5,2.4,3.9,7.1,8.2,15.1,15.5,16.9,26.0,36.0,38.3,74.0,84.6,89.1,152.8,217.4,383.6,1800,1,2,-1,1,10,12,11,2,8,14,9,7,4,5,16,3,6,13,1,15,3
166903,10,2.5,4.7,5.2,11.1,14.0,17.5,17.8,20.8,34.1,39.7,44.8,67.3,84.5,107.4,124.1,130.9,1700,-1,1,-1,1,12,15,16,6,5,7,1,8,10,4,9,3,2,11,14,13,1
166909,4,1.6,4.4,9.4,15.7,17.9,24.1,26.5,27.6,46.2,54.8,73.7,86.7,173.9,186.4,283.4,462.3,1800,1,2,-1,1,3,2,6,10,5,15,12,1,7,9,16,8,14,4,11,13,1
166916,11,3.4,5.7,6.4,8.3,8.6,10.7,17.3,18.3,18.4,30.5,31.7,34.0,67.5,77.6,98.3,176.1,1700,-1,2,-1,1,5,4,8,2,15,14,10,3,12,11,7,9,16,6,1,13,1
166917,12,4.2,4.8,4.8,5.9,7.0,15.2,17.0,23.3,27.0,36.3,47.7,61.5,110.4,141.3,208.2,276.9,1200,1,2,-1,1,9,8,14,15,2,1,5,6,16,11,10,12,7,3,13,4,3
166918,1,1.8,4.3,5.5,14.0,19.8,20.0,36.8,43.3,44.0,63.4,122.9,205.9,289.2,308.7,320.7,448.5,1700,-1,2,-1,0,13,11,14,3,8,5,16,10,6,15,9,1,2,7,12,4,2
166921,4,1.7,9.0,9.0,9.9,10.5,12.5,15.1,21.2,55.9,61.4,64.5,82.1,87.2,274.3,319.9,495.1,1800,1,2,-1,-1,5,3,9,4,1,8,11,15,16,2,6,7,13,14,10,12,1
