148098,4,1.7,6.0,13.0,14.0,17.5,19.4,25.1,26.6,26.9,32.8,47.1,51.2,90.4,120.6,132.8,170.1,1
148100,6,2.4,4.5,7.0,12.5,14.3,16.7,17.8,18.6,24.6,26.5,26.9,99.6,124.3,137.6,186.1,217.8,1
148103,9,2.8,5.0,6.0,10.4,12.1,13.6,18.9,19.2,28.6,34.5,37.0,40.4,43.2,63.0,65.2,218.4,2
148110,4,1.6,9.5,11.8,13.1,13.4,14.4,16.3,16.3,28.0,49.1,97.5,127.5,130.1,150.4,381.8,401.1,4
148114,8,2.2,5.8,6.9,13.8,14.0,14.6,15.0,15.4,23.0,27.2,44.9,46.8,75.2,159.5,473.0,552.6,7
148117,11,2.1,4.9,6.4,9.2,12.4,18.0,21.2,37.3,39.2,50.5,62.5,71.5,81.4,154.1,213.5,276.4,6
148118,12,3.8,5.5,6.2,6.6,9.2,13.3,14.1,15.7,24.7,26.0,31.3,41.1,52.1,59.9,109.4,201.1,4
148120,2,3.3,3.5,7.4,11.1,12.4,15.9,16.0,17.3,18.7,18.9,39.9,62.4,105.9,152.6,173.6,190.6,9
148122,4,3.3,3.8,4.5,5.8,8.1,20.6,36.3,36.5,44.7,79.6,98.3,130.8,190.0,199.8,468.6,539.1,16
148130,12,3.8,4.0,5.3,6.0,9.8,12.7,19.4,22.9,26.1,47.2,58.8,99.0,115.0,128.3,166.0,322.3,2
148133,3,2.8,5.2,5.5,5.9,6.3,22.3,22.7,35.9,52.8,65.6,72.2,99.5,113.4,143.2,154.6,267.5,1
148139,9,2.0,4.7,7.9,11.1,15.7,17.8,21.2,32.4,33.1,34.1,53.5,57.1,68.6,134.7,232.1,341.8,1
148157,3,2.5,4.0,5.5,9.3,14.7,14.7,17.2,20.3,40.3,59.6,108.5,116.2,195.6,225.5,243.3,412.5,2
148163,9,0.0,2.6,4.2,5.1,13.6,14.8,15.9,20.7,22.6,24.7,29.1,38.7,74.0,80.0,97.0,232.5,0
148170,4,4.1,4.4,5.5,6.0,10.4,12.8,20.8,20.9,21.8,22.4,28.2,62.4,74.9,104.7,186.7,234.1,1
148177,11,2.2,6.9,8.1,10.7,12.9,12.9,16.9,22.2,25.5,27.2,42.4,44.3,56.2,70.7,70.7,121.2,1
148202,12,2.2,4.9,6.1,6.8,16.4,17.5,22.0,31.4,40.5,51.3,62.8,82.9,175.8,190.2,297.7,372.9,9
148207,5,2.8,3.7,8.4,8.7,11.7,17.6,21.8,22.0,24.8,26.6,35.8,69.2,89.3,103.4,129.0,130.2,2
148208,6,3.6,4.4,4.4,9.9,11.5,11.8,15.7,17.5,25.8,38.2,41.3,70.3,105.2,180.2,212.9,251.0,1
148213,11,3.8,4.5,4.8,6.1,9.4,12.9,14.3,20.4,45.6,51.3,51.9,77.0,127.7,135.4,152.6,376.3,3
148220,6,2.7,4.6,6.4,10.2,11.1,12.5,15.4,24.1,36.5,38.8,44.6,57.9,58.8,63.6,95.1,201.3,10
148223,9,3.4,3.9,4.1,8.2,14.0,15.3,22.0,30.3,31.6,36.9,41.3,42.1,113.7,134.8,220.8,274.6,5
148229,3,4.3,5.5,5.9,6.4,9.3,12.2,13.6,15.7,15.8,20.3,20.9,69.8,169.1,222.4,262.5,316.9,5
148237,11,2.1,3.4,9.9,11.6,13.2,20.4,26.7,37.5,40.3,49.0,55.2,58.4,70.8,113.0,117.4,156.6,1
148241,3,1.9,4.5,8.0,12.1,12.1,17.1,17.8,29.9,70.1,82.3,110.6,128.4,197.8,284.3,554.6,599.8,7
148266,4,2.0,4.2,6.0,13.6,15.0,19.9,22.7,35.1,37.4,45.8,47.2,178.4,270.7,285.6,303.0,305.2,8
148273,11,3.4,4.4,6.3,8.2,8.7,12.1,15.0,17.9,24.2,33.8,38.8,78.1,95.6,138.0,138.7,246.4,5
148283,9,3.6,5.0,5.8,7.0,9.5,11.2,12.6,13.7,32.0,33.0,44.7,122.5,132.9,141.2,145.8,319.2,3
148292,6,3.3,4.2,5.9,6.4,13.0,13.2,18.7,19.6,22.7,51.3,62.1,62.2,63.4,80.1,118.5,318.0,8
148301,3,2.3,6.5,7.0,7.7,8.2,14.8,19.7,20.6,22.6,41.3,43.5,156.0,163.8,292.7,292.7,298.6,2
148305,7,2.5,5.7,6.2,7.4,11.5,16.6,21.1,23.8,26.6,28.2,51.6,55.0,71.6,101.0,231.8,397.8,7
148316,6,3.1,4.3,8.6,10.2,10.6,12.6,12.7,15.3,19.0,22.8,30.6,52.1,79.9,115.0,209.8,229.2,1
148321,11,3.7,4.5,5.8,9.3,9.9,11.2,15.6,16.5,17.3,24.6,39.4,72.0,77.1,106.4,109.7,451.6,13
148333,11,2.6,3.4,6.9,10.2,11.8,24.1,27.5,35.7,43.0,47.4,47.7,51.5,52.2,55.4,74.4,471.1,2
148340,6,1.7,8.8,8.9,10.2,13.8,16.2,20.7,22.1,29.9,45.7,99.4,109.3,114.0,139.7,206.2,418.0,3
148343,9,2.6,6.0,7.0,8.2,11.7,13.3,19.9,20.0,23.1,25.9,36.3,45.3,56.4,81.2,104.2,104.9,10
148349,3,3.1,4.0,7.1,7.7,10.4,14.4,16.2,28.8,34.5,34.6,36.6,43.7,50.4,93.1,102.3,108.0,3
148353,7,3.0,3.6,4.1,9.0,14.9,15.6,22.9,31.0,40.8,71.4,74.0,113.6,123.7,189.0,240.1,278.7,6
148357,11,3.7,4.8,4.8,5.2,6.5,14.4,20.8,38.8,45.9,46.3,98.8,120.9,163.9,183.7,249.3,368.7,11
148360,2,3.2,4.7,5.0,5.1,9.2,19.2,20.6,27.6,29.0,70.6,81.4,99.2,153.8,190.9,330.8,752.8,5
148362,4,3.9,4.5,6.4,7.3,12.9,13.8,14.0,14.9,17.9,22.7,27.2,41.0,79.4,98.4,106.3,151.5,11
148368,10,2.0,6.6,9.1,9.4,12.8,17.6,23.2,26.7,28.9,29.3,33.0,43.6,45.1,67.0,121.9,132.5,6
148374,4,4.1,4.6,5.6,6.8,8.6,11.3,21.1,24.3,24.6,25.7,40.9,50.6,51.2,76.3,98.2,112.4,1
148376,6,3.2,5.1,7.5,7.7,9.3,13.1,15.4,16.8,23.9,24.3,25.2,37.3,82.4,98.9,136.8,316.6,2
148378,8,4.2,4.2,5.3,10.7,12.3,13.5,15.4,17.2,17.8,21.4,21.8,31.5,38.0,74.5,289.4,400.1,8
148380,10,3.4,5.4,6.4,8.2,10.4,12.1,16.1,17.7,18.7,21.9,23.4,48.2,75.8,84.0,124.2,186.9,1
148384,2,3.8,4.9,5.2,6.3,8.5,8.6,21.7,32.5,33.1,37.4,39.8,53.2,85.8,129.3,209.2,232.0,2
148386,4,2.2,3.5,11.0,12.8,14.2,16.1,16.7,19.9,33.6,47.5,56.7,62.8,106.2,124.3,172.8,307.0,10
148387,5,2.1,6.8,7.9,8.9,14.0,14.9,15.9,24.8,25.6,33.5,36.7,36.8,78.4,195.9,261.3,292.0,1
148389,7,3.0,4.8,5.2,9.5,13.2,13.4,14.1,21.4,23.3,27.8,30.8,81.0,104.5,180.5,181.5,206.0,4
148390,8,3.0,7.6,7.7,9.3,9.4,12.2,12.3,15.9,20.1,25.1,27.8,30.0,32.9,39.1,87.1,249.1,4
148391,9,2.0,5.2,8.4,9.2,17.3,20.2,23.0,23.1,27.2,28.9,31.2,76.9,94.5,144.2,145.6,164.2,1
148393,11,2.8,5.6,7.9,9.4,12.8,13.8,17.1,18.5,22.5,24.5,25.4,25.7,28.0,80.5,123.9,144.8,5
148397,3,3.7,5.4,6.8,7.5,7.8,9.1,10.5,22.8,25.8,30.7,45.6,65.5,69.5,99.6,128.8,178.6,10
148398,4,4.6,4.9,5.6,6.6,7.7,8.0,13.7,27.7,29.1,35.3,48.2,56.6,69.0,95.0,95.0,150.2,2
148401,7,2.0,6.1,6.1,12.5,14.4,17.5,18.6,24.7,34.8,34.9,43.2,44.8,88.9,121.2,263.5,374.7,14
148403,9,2.5,4.9,7.1,13.0,13.3,14.3,15.0,16.2,19.0,21.9,61.4,68.8,83.4,93.1,139.2,146.8,5
148405,11,3.9,5.9,6.4,8.3,10.5,13.3,15.2,16.0,17.1,18.8,20.6,26.0,27.8,128.4,130.7,172.6,3
148406,12,3.7,5.3,9.2,9.9,11.2,11.3,12.9,15.0,15.5,16.5,22.1,32.4,38.9,62.5,63.1,83.7,11
148408,2,1.2,9.2,16.3,21.8,27.0,27.5,33.2,39.1,43.2,73.5,77.8,98.5,101.9,106.9,162.2,400.6,1
148409,3,4.0,4.7,5.1,8.4,10.8,11.3,14.2,16.2,16.5,34.3,41.8,44.7,80.5,111.1,143.2,369.4,1
148410,4,4.5,4.6,4.7,5.3,5.5,13.1,17.3,41.4,57.0,66.7,73.0,77.8,140.2,245.2,252.6,290.1,1
148411,5,3.5,3.5,7.7,8.5,9.3,11.0,11.3,20.0,44.1,49.5,52.3,81.5,124.5,194.6,295.7,330.1,3
148412,6,3.0,3.5,8.0,12.1,13.0,15.3,16.6,17.8,27.6,30.0,37.7,41.3,49.8,66.0,86.8,232.6,3
148414,8,3.8,6.3,7.2,7.8,8.4,10.9,12.2,14.7,15.5,17.8,39.9,44.2,57.8,88.3,107.5,245.0,8
148416,10,3.6,4.1,6.1,7.2,11.0,11.6,18.3,24.7,24.9,28.5,40.3,44.2,60.1,133.0,259.4,259.9,4
148418,12,3.7,4.0,7.0,7.3,10.2,12.4,12.7,14.6,25.5,47.8,55.8,61.7,61.9,85.3,101.0,241.6,6
148420,2,2.9,3.2,8.9,11.0,11.6,13.6,13.6,18.3,28.3,40.2,59.2,93.9,134.1,176.6,240.9,269.0,10
148422,4,0.0,1.7,4.8,8.4,11.2,16.2,20.6,25.4,34.2,36.2,125.3,145.6,191.8,268.6,301.4,456.2,0
148423,5,3.6,4.0,4.5,4.8,10.4,19.5,24.5,37.7,42.7,47.0,55.2,180.7,181.0,208.5,244.6,291.9,2
148424,6,2.5,4.9,5.6,13.9,14.1,15.0,17.5,18.2,19.6,24.0,40.0,123.5,134.9,146.5,170.5,321.4,7
148426,8,4.3,5.0,6.8,8.0,9.9,11.0,11.3,11.7,17.1,20.7,53.0,70.5,72.3,76.0,81.2,90.4,3
148428,10,4.1,5.4,5.7,6.8,9.9,10.8,17.7,19.2,20.3,21.9,36.9,41.7,46.5,53.8,66.1,169.4,12
148430,12,3.1,4.9,6.2,8.8,9.3,14.9,15.0,16.2,27.2,27.6,45.7,49.9,64.0,93.9,100.5,186.2,1
148434,4,2.5,6.6,8.2,9.5,10.5,12.1,14.7,17.3,19.0,30.7,35.7,44.0,65.9,154.9,199.6,229.6,1
148435,5,2.3,3.3,8.4,10.6,10.7,14.4,15.9,41.1,93.8,94.7,152.3,255.8,265.7,279.4,314.5,620.0,1
148437,7,2.4,3.1,4.8,13.6,18.4,23.3,23.4,30.0,51.7,93.1,159.5,178.1,181.8,195.1,353.8,359.6,2
148438,8,3.2,3.3,6.2,7.6,9.9,12.4,18.0,30.0,56.4,56.7,85.6,99.8,109.8,137.0,140.3,389.8,3
148440,10,3.2,4.4,5.2,6.3,13.7,17.4,20.9,21.1,26.0,37.8,43.4,47.5,92.2,100.8,109.3,168.4,2
148442,12,3.4,4.6,6.0,8.2,9.3,10.7,15.7,21.5,31.8,34.3,40.0,40.1,83.4,119.2,130.7,266.4,2
148444,2,1.8,5.3,5.8,10.2,18.2,18.6,20.5,41.2,85.0,104.8,110.7,114.9,171.5,218.9,230.3,522.8,1
148446,4,2.9,4.0,4.6,8.2,10.4,17.5,19.9,25.5,38.1,42.9,111.9,186.3,267.8,282.8,393.7,506.4,1
148447,5,2.3,2.7,12.3,13.7,15.1,15.6,16.7,45.2,64.6,76.8,89.7,103.0,123.8,188.2,190.5,201.8,1
148449,7,2.8,5.5,5.6,8.3,11.2,11.3,22.8,22.8,25.7,27.6,32.4,57.5,63.7,129.5,133.7,242.7,1
148455,1,3.0,4.9,6.0,6.9,10.9,11.7,13.8,23.1,33.7,38.8,40.5,70.9,75.3,174.2,253.5,281.1,8
148460,6,2.7,3.9,6.7,11.2,11.8,12.5,16.8,20.0,26.7,31.7,50.5,77.1,107.3,213.5,332.7,335.7,14
148462,8,3.2,3.6,6.6,7.4,8.7,15.2,20.2,25.4,26.8,38.3,84.8,88.1,121.9,151.3,173.3,265.0,2
148465,11,3.7,5.7,6.3,6.7,10.3,10.7,19.2,19.4,24.4,25.8,29.1,36.8,40.3,49.2,65.6,90.2,15
148468,2,3.9,4.3,5.7,6.2,7.5,9.2,21.6,29.8,31.3,41.4,57.2,61.1,106.7,223.9,233.0,285.3,4
148469,3,3.4,3.9,4.3,7.7,11.3,15.7,17.4,24.7,28.8,42.4,103.0,118.8,146.0,229.5,229.8,342.2,2
148470,4,1.7,5.9,8.4,8.7,16.2,20.0,22.1,34.4,45.5,63.2,75.8,122.5,138.4,213.0,226.5,290.6,1
148471,5,2.7,4.9,8.9,10.1,11.8,12.0,13.4,15.2,20.2,38.2,48.1,53.2,55.2,74.4,110.4,146.8,10
148473,7,1.8,4.3,5.2,10.1,23.6,31.3,33.0,55.4,95.2,113.1,132.2,144.4,161.8,242.0,298.8,339.3,1
148474,8,2.7,4.4,6.7,8.0,8.1,14.7,20.7,22.4,33.2,44.9,70.6,97.6,118.4,153.1,175.9,324.0,4
148477,11,4.8,5.7,7.2,7.6,8.2,8.3,11.1,17.1,29.2,29.2,30.5,31.8,32.4,48.0,64.4,66.9,3
148481,3,2.9,4.7,7.7,8.4,9.8,10.2,14.0,19.5,21.2,28.7,59.3,64.8,134.7,295.4,425.6,483.0,1
148482,4,1.9,3.6,8.3,10.1,16.5,22.1,24.2,35.2,59.5,130.6,130.9,133.6,134.2,146.4,149.5,207.2,2
148484,6,3.4,4.5,7.4,7.9,9.2,11.8,14.7,15.3,19.1,26.1,42.4,61.0,122.2,125.9,153.8,324.5,2
148486,8,1.7,4.9,10.9,12.3,15.7,19.4,24.7,25.0,31.4,34.3,104.0,143.8,214.7,303.1,323.4,385.6,2
148489,11,3.6,3.7,6.8,7.3,8.7,9.8,13.0,29.0,41.7,42.5,43.4,110.3,152.5,228.9,251.9,421.6,6
148491,1,1.7,8.7,9.6,11.9,12.8,14.2,14.3,17.2,46.9,54.1,83.0,163.2,173.6,248.3,296.6,324.3,4
148492,2,1.6,3.8,16.1,18.5,19.8,28.7,32.9,35.8,42.9,47.3,57.4,101.6,104.8,154.9,195.0,343.1,3
148495,5,0.0,2.2,4.9,6.5,7.3,11.6,24.1,27.4,32.7,35.8,42.1,48.7,58.8,107.6,116.5,204.0,0
148498,8,2.9,4.7,5.9,7.5,8.4,13.4,14.2,21.0,23.1,99.9,114.9,130.2,148.6,176.9,428.7,555.5,14
148501,11,3.7,5.0,6.2,7.7,8.2,13.5,16.0,22.8,24.1,27.3,37.7,42.4,42.8,43.1,45.7,206.7,8
148504,2,0.0,0.0,1.9,4.0,4.2,15.1,19.2,36.4,40.6,67.5,82.3,91.0,100.6,222.8,231.2,284.8,7
148507,5,3.4,4.4,5.2,9.5,15.0,16.1,18.4,20.2,26.2,27.0,27.7,30.4,35.0,51.0,142.0,220.1,3
148508,6,4.9,5.1,5.8,6.6,7.5,9.0,12.7,13.0,27.6,27.6,41.5,71.5,88.7,196.3,240.9,340.9,7
148509,7,2.3,4.5,6.8,8.5,11.4,12.2,16.0,33.6,46.8,80.4,81.8,105.7,204.2,239.5,327.5,357.4,2
148511,9,3.1,3.9,6.0,8.5,14.9,15.1,17.9,18.1,21.3,29.4,33.3,63.6,86.1,163.2,183.0,471.6,2
148513,11,2.5,6.6,7.1,10.9,11.5,15.3,16.5,19.1,19.9,21.9,29.6,36.8,41.5,93.6,144.0,199.1,13
148515,1,1.8,4.4,11.1,11.5,12.5,25.4,31.6,31.7,46.8,55.9,58.8,73.7,81.7,107.6,115.1,269.8,1
148516,2,2.6,4.2,5.4,8.7,9.0,10.6,15.8,60.3,69.2,78.5,151.6,235.2,243.8,259.4,385.1,516.5,14
148517,3,3.3,3.4,6.6,7.0,8.3,13.0,18.3,37.9,43.7,61.4,89.0,97.5,124.1,161.7,190.9,207.8,2
148518,4,4.9,5.3,5.6,5.9,6.7,7.2,15.6,25.0,27.3,30.8,57.8,73.1,126.9,133.7,148.8,289.3,3
148522,8,2.3,5.8,6.5,7.6,9.1,17.3,17.3,23.5,23.7,61.8,103.8,193.7,194.4,203.5,236.6,300.6,9
148525,11,4.0,4.3,4.9,8.2,17.8,19.3,19.3,21.3,22.1,22.5,22.7,23.5,37.5,46.2,102.0,105.3,1
148528,2,4.6,5.4,6.0,8.5,8.8,9.2,10.4,13.0,16.0,36.7,44.9,60.5,66.0,70.8,77.9,194.2,9
148532,6,2.9,4.7,6.8,7.3,8.3,13.5,17.1,20.5,24.3,26.4,75.1,125.8,148.8,271.2,376.7,532.2,8
148533,7,2.0,5.7,7.1,9.9,14.8,15.0,16.8,23.5,34.3,45.5,84.3,97.2,102.4,107.8,248.8,309.7,1
148536,10,2.1,5.7,6.0,11.4,11.6,14.2,16.6,26.5,39.2,49.6,62.0,88.5,112.7,127.9,137.2,458.0,5
148538,12,3.4,4.4,5.2,7.3,11.1,14.0,18.2,20.4,28.0,31.4,47.2,66.0,81.1,89.3,117.6,144.2,4
148540,2,1.8,5.5,9.6,11.5,13.3,16.8,18.5,23.9,30.3,48.5,63.9,77.4,91.9,190.8,364.8,377.6,7
148543,5,2.5,4.4,9.1,12.2,13.6,14.5,14.9,15.7,24.4,26.0,31.9,50.1,70.6,88.4,177.2,195.1,10
148548,10,4.2,5.1,5.2,5.5,9.2,12.8,15.7,15.8,27.0,31.3,53.3,58.6,70.6,235.9,290.4,322.5,4
148549,11,3.4,5.0,5.6,6.5,11.8,15.2,17.9,21.4,22.8,28.6,28.8,40.6,57.4,90.7,90.9,168.2,2
148553,3,5.2,5.5,5.6,5.8,7.4,9.7,14.6,16.9,20.2,21.1,41.1,43.8,68.3,194.1,437.3,467.6,2
148554,4,2.3,4.5,4.9,8.2,13.2,19.3,32.3,34.2,35.2,86.4,87.3,127.6,145.1,242.8,575.1,637.5,2
148555,5,3.4,5.2,6.4,7.0,9.1,11.3,13.1,20.7,27.6,32.9,42.5,52.8,62.4,80.5,168.1,189.8,2
148557,7,2.6,3.3,4.5,8.3,14.0,23.1,41.8,45.7,51.6,66.8,85.7,164.3,308.9,316.8,362.5,659.4,5
148561,11,4.2,4.9,5.3,6.8,8.6,11.9,13.5,16.9,18.3,26.0,48.9,101.2,151.2,160.4,165.2,166.1,8
148562,12,3.8,5.3,5.5,6.1,7.8,10.4,11.3,17.1,42.3,43.1,79.4,101.9,162.1,165.7,171.1,234.9,7
148563,1,2.1,5.5,5.7,6.9,10.4,18.2,28.3,32.0,51.2,58.3,163.9,174.9,194.8,267.8,334.3,376.5,15
148564,2,2.6,3.0,8.9,11.1,13.0,13.7,19.7,25.8,30.9,51.8,63.6,78.6,145.9,158.7,260.7,276.7,1
148567,5,3.3,4.5,6.2,7.4,7.6,13.1,16.4,24.6,26.7,39.2,59.0,68.7,71.1,90.0,158.8,244.5,1
148568,6,2.3,3.6,9.6,11.0,12.7,12.8,14.2,35.8,41.7,42.5,49.0,132.1,178.3,178.7,179.0,206.0,1
148569,7,2.6,4.1,4.7,6.5,14.5,18.3,21.2,27.1,60.1,153.5,159.2,189.9,220.7,252.1,261.2,338.3,3
148571,9,4.0,4.5,6.1,6.3,7.8,11.4,16.5,18.0,28.7,30.3,57.1,60.1,72.0,112.9,168.2,378.5,10
148575,1,3.3,3.9,7.5,8.6,8.8,12.6,12.6,20.5,27.5,36.8,39.3,80.6,91.8,125.8,192.7,266.5,2
148576,2,2.4,3.3,7.8,8.5,9.0,17.7,34.6,36.3,51.8,72.7,106.1,128.6,148.0,243.7,252.1,292.1,3
148578,4,3.4,5.0,6.4,7.6,8.0,9.0,18.1,18.8,30.4,39.9,45.1,58.8,93.7,102.2,146.5,183.4,1
148579,5,1.9,4.2,8.8,12.0,14.2,21.2,27.3,31.5,51.7,51.9,58.4,66.3,86.9,97.0,102.3,140.2,7
148581,7,0.0,2.3,5.9,6.4,7.8,11.2,12.7,24.3,27.7,33.5,36.2,37.9,79.0,103.2,119.5,192.3,0
148584,10,3.2,5.3,7.1,7.1,8.5,13.0,14.6,21.5,27.0,27.5,36.3,41.6,42.8,125.1,230.3,299.0,4
148585,11,4.2,4.5,7.5,9.0,9.8,11.5,15.7,18.9,20.8,22.3,25.4,30.1,37.1,44.0,50.9,68.2,3
148587,1,2.6,3.6,6.0,6.6,16.6,19.5,27.4,30.9,45.1,47.2,65.0,65.4,129.5,142.5,147.3,166.9,4
148588,2,4.1,4.7,5.7,6.8,8.3,10.6,13.2,23.1,24.5,39.2,57.6,68.0,68.2,72.8,76.2,125.6,5
148589,3,2.1,3.8,7.4,12.7,14.2,14.5,23.9,36.4,55.4,58.1,66.2,93.6,125.3,136.6,148.7,309.9,1
148591,5,3.5,4.3,6.2,7.4,11.1,13.0,18.5,21.0,21.7,32.3,39.7,44.6,56.2,58.7,81.5,243.8,1
148593,7,5.3,5.3,6.1,7.2,7.5,8.1,9.4,21.9,22.0,27.6,29.3,76.1,76.3,76.5,117.1,151.3,1
148597,11,2.9,5.4,8.2,8.4,12.2,13.6,14.8,14.8,16.3,25.3,35.7,50.5,74.7,77.9,81.8,226.3,6
148598,12,2.8,2.9,8.1,9.3,10.8,17.1,19.0,29.8,36.7,63.7,72.4,108.6,127.3,136.2,183.6,193.9,5
148599,1,1.8,6.6,8.0,8.2,10.3,22.8,24.6,30.0,35.8,68.5,94.2,94.7,104.6,240.9,258.1,319.5,1
148600,2,1.5,8.6,11.1,11.3,13.1,19.9,21.4,25.3,55.6,60.5,64.3,75.8,109.2,140.1,145.6,350.3,6
148601,3,3.2,3.9,5.7,5.9,7.6,18.4,28.2,33.1,34.5,36.1,63.0,114.5,186.5,242.3,321.7,443.9,2
148603,5,3.0,3.8,6.9,8.8,10.6,13.0,13.3,24.1,29.2,40.4,77.1,78.5,105.5,118.0,128.1,161.3,6
148605,7,4.2,5.8,6.4,9.2,10.7,11.2,11.5,11.7,16.3,19.1,23.9,28.8,44.3,207.1,207.9,209.7,2
148606,8,1.9,7.2,9.4,12.2,13.5,14.8,19.8,20.6,22.9,37.2,51.5,59.0,79.0,88.2,130.1,179.5,4
148610,12,0.0,2.1,5.7,6.0,7.2,12.7,20.2,24.5,25.9,34.5,40.2,74.9,80.5,165.2,178.4,278.4,0
148612,2,3.9,5.3,5.9,6.3,6.9,9.3,15.7,19.7,22.8,43.5,50.2,126.7,128.7,171.8,181.3,200.7,7
148614,4,1.9,5.4,7.7,10.0,14.0,16.0,23.1,23.3,27.7,43.3,79.7,83.3,158.6,194.3,226.7,256.7,3
148616,6,3.5,4.3,6.7,7.0,9.5,16.4,16.7,19.3,22.3,37.4,41.5,46.9,50.2,59.0,116.7,259.7,4
148618,8,3.5,5.8,6.1,9.0,9.1,11.4,15.0,18.4,30.2,30.5,31.7,34.8,37.1,40.0,50.3,164.4,7
148621,11,2.2,5.9,6.3,12.2,12.4,12.8,13.1,18.7,35.4,47.5,60.2,65.4,76.3,106.0,359.9,411.1,6
148625,3,3.3,3.8,6.4,8.7,8.8,10.9,13.5,26.7,31.6,39.1,49.5,111.9,118.7,132.4,210.3,236.9,1
148626,4,3.1,3.4,6.3,8.6,12.9,15.3,18.8,20.8,22.8,31.1,56.8,91.3,139.7,183.8,186.7,257.1,2
148627,5,3.3,3.6,6.0,9.5,9.8,15.5,17.2,19.6,20.6,35.9,59.0,68.4,137.4,149.9,157.9,495.7,2
148628,6,2.1,5.6,8.7,10.9,12.7,15.8,18.5,25.4,26.2,27.6,33.4,68.8,81.2,83.2,131.5,291.3,3
148630,8,2.3,5.7,6.9,8.1,12.6,12.9,14.4,24.5,27.3,30.9,52.2,121.8,137.0,170.7,208.0,540.0,3
148631,9,3.3,4.5,6.7,7.5,7.5,11.8,17.5,18.6,28.7,34.4,59.9,70.1,77.0,155.9,323.2,354.2,1
148632,10,3.2,4.2,5.5,6.4,16.4,18.2,20.4,21.8,23.9,25.7,32.7,66.4,87.8,133.7,148.5,158.3,1
148633,11,2.7,5.5,6.5,9.7,12.9,13.9,20.1,21.7,23.8,24.0,27.6,29.2,52.4,74.8,91.0,107.4,1
148634,12,3.5,5.8,6.4,6.6,10.6,11.3,13.7,16.1,19.6,24.5,44.7,45.2,56.1,121.2,121.4,251.5,11
148635,1,2.3,4.6,6.2,12.2,16.3,17.9,18.5,22.4,28.0,30.5,52.8,55.9,64.6,122.6,132.9,267.1,3
148637,3,2.9,3.5,7.0,10.3,10.8,12.0,15.1,25.9,26.4,36.6,81.0,90.7,188.2,218.8,229.2,388.2,9
148638,4,3.1,4.0,6.6,7.4,8.8,15.2,24.6,24.9,26.1,34.2,37.3,57.6,80.1,177.7,193.6,231.0,2
148640,6,2.7,3.9,6.1,12.8,14.3,15.0,17.7,18.1,30.2,32.9,49.9,65.8,67.4,67.9,156.4,305.3,3
148641,7,3.4,5.3,7.8,7.9,8.9,11.1,11.8,13.5,17.8,29.0,51.7,84.4,91.8,95.4,125.1,195.4,9
148644,10,3.6,5.5,6.9,7.5,11.1,11.7,13.0,16.9,22.2,27.2,30.5,37.6,39.0,39.9,66.5,181.3,6
148645,11,2.7,3.6,8.0,9.5,10.3,16.7,18.7,24.6,27.2,30.6,57.1,78.8,83.3,87.8,132.7,224.8,3
148646,12,2.9,3.3,8.7,9.2,13.1,14.5,20.4,30.1,32.5,33.5,37.3,55.7,65.3,72.8,85.6,90.4,3
148648,2,2.3,4.5,6.0,7.1,11.4,13.9,24.0,39.8,61.6,69.7,87.8,99.5,126.1,188.5,235.2,416.4,3
148649,3,4.4,4.7,5.6,8.8,10.2,11.8,17.0,17.3,19.0,21.5,24.0,29.4,29.9,100.0,138.1,201.3,1
148651,5,2.6,3.6,6.3,7.0,16.6,18.7,28.0,33.7,34.9,41.7,84.2,84.7,97.2,110.8,174.9,240.9,2
148657,11,3.8,5.4,5.8,8.7,9.5,12.9,18.4,19.9,20.4,22.8,30.5,34.3,40.8,43.6,45.9,99.9,5
148660,2,1.7,5.1,8.2,10.1,20.5,24.8,27.1,32.6,43.1,44.4,51.1,93.8,161.2,206.6,258.2,446.6,1
148663,5,1.4,8.1,9.3,11.7,18.0,23.0,39.8,60.0,79.7,82.1,85.4,112.8,202.0,222.1,298.0,659.2,5
148667,9,2.7,3.8,7.6,10.2,13.4,14.9,16.7,16.7,20.6,45.7,49.5,89.9,117.2,128.6,143.3,185.2,4
148669,11,2.9,4.4,7.0,7.0,10.2,12.2,18.6,19.4,25.5,40.8,56.1,60.5,69.9,292.3,313.9,328.1,6
148670,12,4.1,4.3,7.7,8.5,9.5,9.6,13.5,13.6,25.0,25.8,32.7,34.5,68.6,69.4,125.5,202.7,1
148674,4,3.1,6.6,7.2,7.3,8.0,8.4,9.4,12.5,39.2,59.5,62.1,143.2,174.8,214.3,266.3,341.6,7
148675,5,2.2,9.6,10.0,10.6,11.7,13.0,13.4,16.2,16.8,29.6,30.5,33.5,46.8,86.5,90.8,159.3,3
148679,9,3.5,5.8,5.9,7.2,9.5,10.6,15.4,17.6,18.5,24.5,30.2,55.8,68.8,218.7,258.1,356.2,2
148682,12,5.1,5.1,5.3,5.4,10.7,12.7,13.7,16.7,18.8,23.6,30.2,55.4,73.0,84.7,124.7,125.0,3
148684,2,2.7,3.8,6.8,10.0,10.5,10.5,14.1,29.6,44.9,61.6,92.8,98.1,167.2,248.5,287.2,667.7,3
148686,4,3.4,3.8,7.3,7.4,9.6,13.0,15.0,19.9,21.7,27.7,73.0,78.1,100.5,164.3,273.7,434.7,14
148687,5,2.5,7.4,8.3,10.4,10.5,10.9,13.2,14.9,16.4,20.1,39.8,47.9,205.8,223.9,250.3,362.6,1
148691,9,1.6,7.0,9.9,15.1,17.1,17.9,23.2,23.2,27.4,29.0,29.7,134.9,194.6,251.3,318.5,327.2,5
148692,10,4.4,5.2,5.3,8.1,9.0,10.3,11.9,21.7,22.3,25.5,43.1,44.7,55.5,55.8,70.2,130.6,1
148693,11,4.1,4.2,5.5,6.8,12.5,14.7,15.3,20.0,20.1,25.1,28.6,43.3,65.1,100.7,110.3,209.2,1
148697,3,2.7,3.4,6.5,10.9,11.1,18.1,21.1,25.1,49.6,51.1,57.6,60.6,67.4,102.7,124.7,349.6,6
148699,5,2.8,3.2,8.1,8.2,12.2,19.1,21.2,22.6,26.0,32.9,48.4,114.2,121.1,131.5,251.5,362.5,1
148702,8,3.4,4.2,6.9,8.3,10.2,13.2,15.8,17.7,18.2,38.0,42.8,59.0,59.7,61.1,97.1,179.2,1
148705,11,3.8,4.9,6.8,7.9,12.1,13.1,14.7,15.8,16.8,17.6,17.7,54.2,65.7,69.0,136.7,347.0,6
148706,12,3.2,4.7,4.9,9.8,10.5,11.7,17.4,21.7,28.6,28.9,34.1,55.1,95.2,132.7,207.0,211.6,2
148710,4,1.5,6.0,10.6,12.2,21.1,27.4,29.4,30.0,44.0,67.7,127.5,146.4,170.8,173.4,210.6,292.8,2
148711,5,3.1,5.6,7.6,8.6,12.0,13.0,13.2,16.4,17.5,21.9,25.7,28.8,43.7,187.7,265.7,440.3,1
148713,7,4.6,4.7,5.7,6.2,8.1,8.2,12.0,17.1,44.7,51.0,67.1,76.3,93.3,94.4,111.4,288.4,8
148717,11,4.2,5.6,7.3,7.3,9.1,10.6,11.3,17.2,19.4,21.6,25.7,37.7,39.3,64.0,110.1,166.4,4
148767,1,2.1,4.4,6.3,10.1,16.6,17.3,25.7,31.1,32.2,37.4,49.7,80.8,102.2,152.1,191.3,217.8,1
148803,1,3.2,4.3,4.4,4.7,12.7,21.1,25.0,33.0,52.4,86.6,104.7,132.5,163.9,198.8,217.3,261.5,4
148811,9,1.5,8.6,12.6,14.7,15.9,17.2,21.9,25.4,39.5,51.9,94.4,107.0,111.2,183.6,185.8,421.9,1
148847,9,2.1,4.7,5.0,10.6,13.6,18.8,22.6,27.2,34.0,88.3,90.9,263.3,277.0,281.6,485.1,516.5,1
148873,11,4.4,5.0,5.4,6.3,8.7,9.7,15.5,18.3,28.9,32.5,40.6,49.4,53.6,100.9,138.2,198.5,2
148888,2,3.2,4.6,5.2,6.6,11.8,14.3,16.1,24.9,32.7,36.2,54.7,58.5,78.2,104.6,178.6,376.6,5
148924,2,2.1,5.3,7.7,10.6,13.0,14.1,17.9,25.4,27.5,34.2,53.1,83.2,100.9,145.6,179.8,179.8,4
148935,1,2.6,3.4,3.8,8.3,25.8,26.6,28.4,45.2,67.2,81.7,91.0,107.2,167.8,201.9,217.3,451.8,1
148936,2,1.3,8.6,11.6,14.0,15.6,22.3,48.4,53.6,66.7,77.8,302.3,313.7,410.5,463.4,500.9,708.6,9
148937,3,0.0,2.5,2.7,10.6,11.1,17.3,18.7,22.5,31.0,33.2,39.9,63.3,102.1,111.1,116.1,142.1,0
148939,5,2.3,3.6,8.5,11.7,13.3,14.6,22.7,26.9,27.5,53.6,64.5,69.6,98.9,151.8,221.0,372.5,1
148940,6,1.9,4.7,6.8,8.8,17.6,26.0,30.2,40.0,45.1,49.0,50.5,97.0,137.4,155.5,164.8,180.6,15
148942,8,3.5,4.6,4.8,6.9,9.2,16.1,18.5,18.8,23.3,50.9,65.2,78.8,96.1,102.2,102.3,236.2,6
148947,1,2.7,4.1,6.6,8.3,16.5,17.7,20.4,21.4,26.2,26.9,27.5,52.2,119.9,246.2,279.5,295.7,2
148948,2,2.1,5.6,7.7,9.0,10.8,13.9,16.7,16.8,32.0,77.9,106.7,118.1,212.4,248.8,284.5,337.3,6
148949,3,2.1,4.8,5.3,7.8,13.7,16.1,23.4,48.0,48.7,132.0,136.2,158.2,174.2,262.1,336.4,432.3,7
148951,5,1.9,5.8,11.0,12.1,14.5,16.0,16.3,20.8,26.6,43.4,50.0,53.7,77.4,113.8,150.5,214.5,1
148954,8,4.3,5.0,5.6,9.1,9.5,11.3,11.4,16.4,16.8,21.0,27.5,67.1,71.8,110.2,139.6,158.7,2
148955,9,2.9,5.4,6.8,6.9,9.6,9.7,11.8,18.5,51.7,52.9,62.3,117.8,141.1,153.9,172.3,242.8,11
148957,11,2.3,4.3,6.7,10.9,12.8,16.0,18.0,30.9,35.5,48.7,57.5,60.2,81.8,86.1,103.2,245.6,6
148959,1,2.7,3.4,6.1,8.9,9.8,14.2,20.2,30.5,71.4,78.4,85.0,112.3,200.8,222.0,257.7,495.4,2
148960,2,3.1,3.7,5.9,7.2,8.3,19.2,22.6,32.7,38.0,50.0,56.2,58.2,69.0,175.3,258.4,294.5,2
148961,3,1.9,6.0,8.5,10.6,11.2,12.1,28.5,29.3,41.5,51.9,71.4,98.8,109.9,160.2,185.2,309.4,1
148962,4,2.5,4.4,8.1,8.3,9.9,10.9,14.6,17.8,38.7,62.4,109.1,109.7,156.8,281.4,325.9,448.6,2
148969,11,3.4,5.1,5.6,6.3,12.9,13.1,15.8,17.1,25.4,28.6,40.3,49.4,65.3,90.9,110.9,202.6,4
148971,1,2.7,3.9,4.9,8.8,13.6,16.4,19.9,27.0,31.1,40.7,91.5,129.0,162.1,167.4,320.1,388.8,1
148972,2,3.2,4.1,4.4,11.9,13.4,15.0,16.2,16.5,25.2,26.8,59.2,94.0,116.8,128.7,231.0,326.7,1
148973,3,3.0,3.5,5.8,13.6,14.1,14.6,22.1,23.7,23.8,32.1,38.0,48.3,58.6,58.6,149.7,159.4,2
148975,5,2.5,4.3,5.8,7.4,16.1,18.3,19.2,22.4,24.7,64.7,86.1,92.2,102.9,152.4,328.5,357.0,4
148976,6,2.0,7.0,7.4,8.8,11.8,17.3,18.7,20.4,27.5,47.6,63.1,98.0,122.4,172.4,176.2,273.1,6
148977,7,3.2,6.0,6.2,7.2,7.9,13.6,18.5,19.6,21.9,26.9,36.8,51.4,63.3,67.3,102.5,119.3,5
148979,9,2.3,4.7,8.7,9.2,14.5,15.1,15.1,15.2,26.7,39.4,81.6,87.6,120.3,122.4,235.0,292.7,5
148981,11,4.0,5.1,6.4,6.5,8.3,11.1,12.3,14.0,34.8,36.6,40.7,44.3,87.6,101.7,102.2,141.8,2
148982,12,2.8,5.2,5.3,7.9,9.1,13.1,20.5,21.4,35.7,44.5,57.1,57.8,71.7,161.7,262.4,325.8,8
148983,1,1.8,3.9,7.8,13.9,19.4,22.4,26.8,32.1,71.3,80.9,82.6,161.6,166.0,183.7,486.1,652.4,2
148984,2,3.8,4.7,7.5,8.0,9.5,10.5,16.8,17.0,17.1,23.7,25.1,43.9,53.3,66.2,118.5,185.6,1
148985,3,2.1,7.3,8.3,9.7,10.8,10.8,16.3,26.9,30.4,34.4,35.8,55.6,118.4,185.0,186.3,323.5,8
148987,5,1.7,4.8,9.2,10.5,17.8,25.3,33.8,37.2,40.2,69.6,79.1,92.6,178.9,215.3,298.7,399.7,2
148988,6,2.3,4.8,5.8,11.2,12.0,12.6,14.6,34.6,41.4,49.1,50.8,138.5,146.6,177.9,281.8,365.1,2
148989,7,3.8,4.6,7.5,7.6,7.7,9.5,13.2,15.5,28.7,36.9,37.5,45.9,86.4,120.5,220.3,347.1,6
148990,8,3.6,3.8,6.7,7.3,9.2,9.3,16.8,18.6,43.6,50.6,51.3,99.1,100.3,130.1,257.9,350.8,2
148992,10,2.6,4.2,5.3,9.1,12.7,16.1,20.4,24.5,26.9,34.5,65.4,115.4,166.6,258.1,320.7,330.3,1
148994,12,0.0,3.6,3.8,4.5,11.6,12.2,12.5,18.0,20.0,24.8,28.0,41.2,45.6,84.3,146.3,468.4,15
148995,1,1.6,4.1,11.2,16.7,18.5,25.0,30.3,39.3,51.7,57.3,59.6,71.2,123.2,343.7,345.0,507.4,1
148996,2,3.0,3.2,5.0,6.0,15.2,15.4,24.9,68.8,72.3,77.9,151.7,212.9,215.6,300.5,309.5,487.0,4
148997,3,3.1,3.4,5.2,9.3,13.5,16.0,19.7,20.3,32.1,43.3,46.3,88.9,150.3,176.8,227.7,536.0,1
148999,5,2.4,4.3,4.6,8.0,13.6,21.2,24.8,41.1,41.6,52.2,96.7,154.8,170.4,187.9,228.4,233.6,2
149000,6,2.7,3.2,8.2,11.2,12.4,16.7,19.0,22.6,28.9,43.8,49.7,75.1,95.8,122.0,145.8,330.8,3
149001,7,3.2,5.3,5.8,7.3,10.9,13.1,15.4,17.4,29.8,35.7,40.1,46.9,47.8,49.9,120.8,430.6,1
149002,8,2.7,3.5,5.5,9.3,12.4,13.8,32.3,37.8,41.0,43.7,60.2,77.9,145.8,164.2,198.8,366.0,11
149004,10,0.0,3.8,4.3,5.8,8.4,11.5,15.7,16.0,16.9,18.9,19.6,24.2,27.0,114.3,165.9,222.3,0
149006,12,2.4,6.1,6.4,6.5,11.4,14.5,23.7,23.9,33.1,34.7,46.1,46.3,134.8,134.8,217.0,265.2,1
149007,1,4.4,4.7,6.3,6.5,7.0,10.8,11.6,12.3,25.6,37.1,68.7,158.3,202.9,214.8,259.5,329.8,6
149008,2,2.3,3.3,5.9,11.3,16.2,19.9,26.9,43.5,45.1,58.5,68.1,74.7,115.9,205.6,233.3,251.8,4
149009,3,2.5,3.2,5.2,12.3,13.2,14.5,17.5,57.0,60.5,77.9,142.0,234.0,274.8,286.6,293.9,375.0,1
149011,5,4.1,4.3,4.9,5.7,13.8,13.9,14.5,18.4,20.4,35.4,43.3,55.5,115.1,293.2,359.2,401.0,5
149013,7,1.9,6.3,6.8,9.3,15.1,21.8,22.4,28.7,29.8,36.5,66.3,69.2,123.4,170.7,190.9,194.1,3
149014,8,4.0,4.0,5.9,8.0,11.1,12.9,13.8,14.8,19.3,31.1,32.8,67.3,85.3,120.2,273.8,288.6,9
149016,10,3.3,6.4,9.0,10.6,11.1,12.9,13.5,13.9,14.5,16.6,22.4,26.9,42.9,53.6,53.8,73.9,10
149017,11,4.3,5.9,6.3,6.6,7.6,8.6,10.5,23.0,28.7,31.7,39.2,51.7,60.7,64.4,88.2,132.6,1
149018,12,2.6,2.8,11.4,14.0,14.6,15.1,25.4,31.6,32.3,34.6,41.8,52.5,75.9,105.5,160.7,192.7,2
149020,2,4.4,5.0,5.8,5.8,8.3,14.2,14.3,17.7,21.7,23.7,42.1,52.5,57.3,62.7,218.2,407.2,7
149022,4,3.4,3.9,5.3,6.2,11.2,21.0,22.0,22.5,22.5,31.6,54.3,83.5,133.7,151.0,256.0,377.2,4
149023,5,1.6,8.0,8.3,11.9,15.0,17.7,21.4,30.0,41.2,62.3,96.5,129.3,146.2,179.3,211.7,252.8,1
149024,6,4.4,6.1,6.6,6.9,8.3,14.6,15.3,15.4,16.2,20.4,33.2,34.2,37.9,43.0,53.6,74.2,4
149025,7,3.7,5.3,5.5,8.1,8.2,11.0,18.1,20.7,28.5,31.4,36.6,41.2,42.4,43.4,105.2,196.3,2
149027,9,2.2,3.9,7.7,9.4,14.8,16.7,22.0,24.3,35.1,45.9,62.0,85.7,96.7,154.3,163.0,462.3,2
149029,11,3.3,6.0,6.7,8.4,9.0,9.0,9.2,17.1,26.3,47.6,48.2,80.1,81.6,107.5,111.3,144.8,3
149030,12,2.6,4.2,7.8,8.9,12.4,15.3,16.4,19.9,22.8,31.3,41.5,46.7,113.3,214.5,221.8,316.0,3
149031,1,3.5,4.0,4.2,4.5,17.0,17.5,25.8,27.2,38.8,43.9,166.0,174.1,179.2,280.7,322.6,485.2,3
149032,2,3.1,5.9,6.3,7.0,7.9,13.0,13.2,15.5,16.1,43.6,103.8,123.1,246.2,322.9,399.4,421.6,1
149033,3,2.9,4.1,7.5,7.6,9.4,13.8,21.1,21.5,23.2,34.0,35.6,120.7,139.3,168.3,257.8,494.4,1
149040,10,2.8,3.8,9.1,9.4,10.1,11.7,14.3,26.3,40.7,43.3,44.5,53.4,73.8,73.9,135.2,233.4,1
149045,3,3.6,4.2,5.6,5.7,6.0,13.3,21.3,26.9,73.8,90.2,95.0,138.2,208.0,253.0,295.0,344.4,5
149048,6,3.7,4.4,4.7,7.9,9.8,12.1,14.8,18.6,31.8,40.4,46.2,61.8,110.9,154.5,302.4,612.4,1
149050,8,3.0,5.2,5.6,6.6,9.0,15.8,18.7,24.4,35.3,41.5,43.7,43.8,54.2,79.3,380.3,526.0,1
149054,12,2.8,4.8,7.1,7.4,13.9,15.2,19.6,22.7,23.4,28.0,49.0,52.7,53.0,55.0,65.9,124.8,8
149055,1,0.0,2.3,4.3,4.3,7.7,22.6,25.2,32.1,39.9,43.9,44.2,63.3,76.7,181.5,261.7,272.4,0
149056,2,3.9,4.2,7.2,8.3,8.3,8.5,13.6,14.5,19.5,55.9,58.0,61.3,98.7,257.0,275.7,300.6,7
149057,3,1.4,5.9,8.3,10.1,18.7,31.0,67.0,74.9,108.3,130.8,178.6,182.3,233.4,333.5,404.6,505.6,12
149064,10,2.3,3.3,5.4,11.5,18.7,19.7,27.0,44.4,46.9,54.4,77.4,79.8,90.8,169.2,486.1,657.8,2
149067,1,1.2,8.5,13.5,24.0,25.2,34.2,61.5,76.1,90.5,152.9,197.1,280.8,281.6,598.9,650.7,790.0,1
149068,2,2.4,3.2,6.9,7.0,19.5,19.7,37.6,40.5,43.1,46.1,66.1,106.1,155.0,157.2,220.4,246.4,1
149071,5,2.6,4.0,7.6,10.0,11.5,11.8,12.8,17.0,61.5,63.3,77.9,83.1,187.7,204.1,208.4,392.4,2
149073,7,2.7,3.4,4.0,17.6,21.6,21.6,21.8,24.4,40.7,46.7,80.2,81.6,90.6,127.9,149.1,420.4,1
149076,10,3.1,3.9,4.8,8.5,11.1,12.9,24.8,26.4,33.2,41.6,49.3,72.4,141.3,142.9,294.5,359.6,3
149078,12,4.6,5.4,6.3,7.6,8.5,9.2,10.4,11.1,31.3,34.5,34.7,60.1,61.4,67.6,84.4,123.2,1
149080,2,2.0,3.5,7.1,10.7,22.6,24.1,27.9,47.4,54.0,87.5,88.2,93.8,95.2,96.0,220.2,329.5,2
149090,12,3.5,4.6,5.6,7.1,12.0,15.3,17.8,20.3,22.1,27.1,28.4,29.7,68.3,130.5,238.5,286.5,8
149091,1,0.0,3.0,3.5,7.7,9.8,11.8,11.8,13.2,19.1,24.4,40.1,72.7,101.4,105.5,148.8,322.1,0
149092,2,3.5,5.0,5.9,6.9,8.7,13.3,14.5,18.8,25.3,31.8,33.4,42.9,104.6,211.8,259.1,393.5,5
149093,3,2.7,2.8,6.0,11.8,15.9,16.1,19.2,21.0,58.2,103.8,148.0,276.2,282.0,312.3,404.2,591.9,1
149097,7,2.5,2.6,8.9,10.5,14.1,23.5,34.3,38.0,42.8,51.9,61.2,84.8,95.6,103.0,156.9,227.8,1
149102,12,2.5,4.6,7.9,11.3,13.0,16.4,16.5,16.6,30.8,39.7,44.3,44.9,65.8,71.6,77.5,78.5,1
149103,1,4.2,4.3,4.4,8.6,11.1,12.8,17.2,19.9,22.6,24.4,26.7,52.8,119.8,153.9,163.0,171.6,9
149104,2,1.9,3.4,7.0,16.4,18.4,19.9,22.6,31.5,48.1,66.3,110.4,238.7,241.3,266.2,375.1,500.5,1
149108,6,1.7,5.7,8.5,11.8,12.4,14.8,25.0,56.1,61.4,68.7,79.8,112.3,135.5,177.9,257.8,352.6,2
149110,8,3.8,4.3,4.8,7.6,7.7,8.5,20.0,26.9,37.7,40.2,62.7,175.3,181.5,342.5,378.9,417.9,3
149114,12,3.0,4.6,5.3,6.0,12.9,15.4,20.6,22.4,23.3,42.1,48.4,57.5,129.7,227.1,245.5,297.4,4
149115,1,3.2,3.3,4.6,10.2,10.9,19.6,19.7,21.0,33.7,35.0,121.9,150.0,197.8,226.0,452.5,520.2,8
149116,2,0.0,0.0,1.9,3.3,6.1,16.0,20.0,33.8,40.9,59.2,68.5,74.3,79.5,122.3,147.4,481.9,0
149117,3,1.6,3.8,9.0,19.5,21.2,25.8,30.6,42.4,69.5,80.7,129.7,155.3,219.3,221.0,351.7,778.2,2
149124,10,3.9,4.1,5.8,7.0,8.9,13.5,15.1,23.0,32.4,32.8,41.7,51.4,53.4,59.9,210.1,606.8,5
149126,12,3.6,4.3,5.4,7.1,8.5,11.1,15.6,25.2,25.8,40.9,80.5,85.2,98.8,136.4,190.1,231.3,2
149127,1,2.9,3.0,8.4,9.7,11.3,16.5,17.2,22.9,25.6,35.4,64.0,111.5,258.8,318.3,343.9,553.1,2
149128,2,2.6,5.8,5.9,6.2,7.6,17.6,24.3,25.5,27.6,52.4,64.5,153.7,167.3,226.2,385.9,622.8,3
149129,3,3.0,4.1,4.9,6.9,7.5,14.8,14.9,54.8,76.7,92.6,125.1,296.2,379.2,392.8,437.6,443.4,1
149138,12,3.7,4.1,4.2,10.5,12.9,14.4,16.0,19.0,23.1,31.2,31.4,60.3,95.9,97.8,201.2,258.6,3
149139,1,2.8,2.9,7.5,10.8,11.6,14.4,22.7,23.0,36.1,49.5,61.0,220.7,302.1,307.2,314.4,346.6,1
149140,2,1.6,5.8,13.2,13.6,15.1,21.3,24.9,30.1,33.2,47.5,49.9,64.9,245.9,316.4,337.5,338.0,2
149141,3,2.4,3.4,6.9,9.1,17.0,18.8,21.1,21.8,24.5,74.0,109.3,185.8,188.9,218.7,220.3,451.0,2
149144,6,3.7,3.9,5.8,8.7,12.2,12.3,13.9,15.2,22.6,30.5,32.4,61.1,66.7,265.6,345.5,348.3,1
149145,7,2.8,4.1,5.1,8.7,12.1,13.6,15.6,25.1,53.3,66.9,100.4,107.6,109.3,138.3,162.9,207.1,3
149146,8,2.6,4.4,5.3,6.5,20.5,21.1,24.6,29.2,29.5,31.7,50.7,53.1,103.0,112.2,174.9,178.4,1
149151,1,3.3,3.7,5.5,7.8,10.0,10.7,23.4,29.7,35.0,43.8,64.0,84.5,134.9,142.4,243.3,319.4,4
149155,5,1.5,8.7,10.2,11.7,13.3,17.3,31.1,34.7,39.7,51.3,75.3,79.9,132.8,164.4,194.7,197.6,10
149157,7,0.0,1.6,5.9,11.1,11.2,14.8,17.9,21.9,40.1,68.0,86.4,102.9,126.6,136.5,152.4,205.3,0
149160,10,3.1,5.8,6.5,9.2,10.1,13.7,13.9,17.1,17.6,19.7,21.3,53.0,90.9,105.6,184.0,274.8,15
149161,11,0.0,2.9,3.4,4.2,11.7,14.8,20.6,23.9,26.2,37.8,43.4,57.1,65.4,112.7,208.3,234.7,0
149162,12,2.2,5.6,6.0,6.8,9.2,21.4,27.1,36.0,37.2,52.5,60.9,62.6,166.6,275.2,287.2,353.8,3
149163,1,4.9,5.7,6.0,6.2,8.5,13.8,14.8,16.6,20.4,23.6,36.4,42.4,110.6,161.1,209.8,247.1,1
149165,3,0.0,2.3,3.2,9.3,9.3,11.5,22.4,32.7,41.4,76.3,86.1,157.9,276.7,285.8,298.4,302.0,0
149167,5,2.1,5.5,7.8,10.8,15.0,23.3,23.8,27.5,35.5,38.2,46.6,57.7,63.1,99.1,116.3,289.8,6
149169,7,4.0,4.5,4.9,7.4,12.4,15.7,24.2,24.4,25.0,45.0,47.7,47.7,55.2,60.6,100.3,227.5,1
149173,11,3.2,4.4,8.0,8.7,12.5,13.6,13.7,15.0,23.8,28.8,75.8,90.0,97.9,126.4,171.4,208.4,5
149175,1,2.7,4.6,6.6,8.0,9.2,11.1,14.2,25.1,75.9,79.5,82.0,88.9,106.3,111.2,112.4,301.2,1
149176,2,1.8,3.4,10.4,15.2,19.3,19.3,26.7,41.4,48.5,50.9,75.5,95.8,214.3,266.8,430.8,730.1,2
149177,3,2.1,4.2,10.6,10.8,12.2,16.0,20.1,26.1,31.1,31.5,34.9,137.7,206.2,232.8,342.1,411.5,4
149180,6,2.6,3.2,8.5,8.6,10.2,13.7,23.3,27.3,45.0,77.8,80.9,81.7,200.7,244.7,256.2,306.1,6
149181,7,1.5,9.5,11.4,14.4,15.1,19.9,20.7,27.4,29.6,32.9,53.6,87.6,125.7,226.2,341.7,519.1,1
149182,8,2.3,3.7,7.7,8.2,10.5,15.0,20.7,43.7,79.2,89.2,92.1,108.0,145.2,234.6,331.4,342.6,1
149185,11,2.8,3.0,5.1,7.6,23.7,26.8,34.4,34.6,39.0,39.6,66.4,96.4,152.0,183.4,203.8,351.1,2
149187,1,4.0,4.4,5.0,7.1,7.9,8.6,14.4,31.0,44.7,54.0,56.6,68.2,103.6,239.6,385.1,427.3,1
149188,2,1.8,4.3,6.1,10.6,17.0,21.6,33.6,43.5,84.1,98.5,160.9,187.0,238.3,264.9,333.4,379.7,2
149190,4,2.9,4.8,4.9,8.6,12.1,13.0,13.4,24.6,31.8,34.6,81.0,95.0,135.1,146.3,304.8,335.3,3
149194,8,2.1,3.3,8.5,10.1,15.4,18.2,24.1,38.3,55.1,83.8,102.3,107.5,163.8,188.4,188.7,194.8,1
149198,12,1.9,3.6,9.8,10.6,17.7,19.6,24.6,28.4,82.7,106.2,126.0,139.7,181.3,183.4,331.2,352.4,4
149199,1,1.7,5.1,12.4,13.7,14.2,17.3,19.4,27.9,35.6,37.4,93.4,138.3,149.9,308.0,349.0,420.4,2
149201,3,3.3,4.5,6.2,6.7,10.1,13.8,14.3,18.0,25.2,36.3,37.9,91.9,125.1,191.8,228.5,229.7,5
149204,6,1.6,5.7,5.8,14.1,21.8,27.3,30.4,55.5,57.4,59.0,70.2,78.9,132.4,268.6,298.5,454.1,4
149205,7,3.2,3.6,4.7,9.9,10.1,11.1,15.1,46.4,55.8,57.9,80.7,105.5,110.8,228.6,316.9,393.3,2
149207,9,1.8,3.4,11.4,12.2,14.4,26.7,27.6,31.6,53.5,100.4,120.5,159.1,191.1,291.4,527.5,583.9,1
149209,11,4.2,4.4,5.0,7.0,7.5,10.8,21.0,21.7,26.7,26.7,33.3,119.7,144.4,178.6,261.0,283.3,3
149210,12,3.2,3.2,3.5,13.2,15.2,16.6,28.1,29.7,33.9,82.8,157.6,162.5,221.9,240.9,422.7,445.9,3
149211,1,3.4,3.5,4.7,5.7,11.0,14.3,19.9,41.1,55.4,96.5,149.3,155.2,185.1,318.1,344.5,385.2,8
149212,2,2.4,3.5,3.8,11.6,18.4,36.7,38.7,52.9,54.6,66.3,74.3,129.6,161.7,196.0,201.9,221.3,7
149213,3,1.5,5.4,11.6,13.4,15.8,16.5,40.5,47.0,57.1,79.6,110.1,122.4,157.8,169.3,219.7,241.5,4
149218,8,0.0,2.5,4.4,7.6,7.9,10.0,13.0,17.7,19.5,38.8,61.0,94.8,120.3,145.1,182.6,202.1,0
149219,9,2.7,3.4,4.6,6.9,14.3,26.5,35.9,40.1,51.1,126.3,132.1,132.1,161.8,248.1,291.4,332.0,1
149222,12,2.5,4.2,7.2,7.3,9.5,13.1,19.6,27.8,37.9,60.7,128.6,135.8,242.1,264.0,318.2,468.4,1
149224,2,2.9,3.5,5.8,10.6,13.7,14.6,19.7,23.5,24.6,47.0,58.9,63.7,80.2,192.3,240.8,355.1,6
149225,3,0.0,2.4,5.5,6.1,7.4,8.9,14.8,18.7,19.5,42.6,47.8,48.0,410.8,510.8,513.4,567.2,0
149228,6,2.3,6.0,6.6,6.8,9.2,11.7,18.7,30.4,59.4,70.1,89.5,92.5,177.9,200.2,269.0,297.6,1
149229,7,2.9,5.3,5.7,7.2,8.4,10.3,12.8,22.9,33.3,50.3,171.0,181.7,204.7,292.7,331.3,419.9,6
149230,8,3.2,3.2,7.4,7.5,14.6,17.3,17.9,19.2,25.4,27.1,52.3,82.7,108.4,313.3,348.7,490.1,2
149231,9,0.0,1.7,4.8,7.8,11.0,18.1,18.9,32.3,34.4,37.1,65.7,94.4,121.6,135.2,401.5,647.5,0
149234,12,1.6,6.0,8.0,9.8,11.3,35.1,40.8,60.0,61.5,82.3,95.4,121.3,159.6,217.4,252.9,594.4,3
149235,1,3.1,4.0,7.6,8.9,9.0,9.6,12.7,17.5,36.1,38.6,67.3,152.7,174.4,261.2,323.7,428.5,10
149236,2,3.0,4.2,5.1,5.6,11.5,12.2,26.7,29.2,60.1,70.3,82.4,94.0,133.3,172.6,256.5,345.8,3
149237,3,2.9,4.2,6.1,8.3,9.7,15.7,18.6,19.0,23.0,31.0,64.6,84.8,150.8,167.3,185.3,398.9,2
149238,4,2.5,3.8,8.8,11.2,11.7,12.9,16.7,20.3,23.6,36.7,50.3,76.1,107.1,173.9,315.9,553.5,5
149241,7,2.9,4.4,4.4,5.1,8.8,24.3,29.4,34.3,56.3,209.0,218.8,221.1,226.6,296.6,305.4,311.5,4
149243,9,0.0,3.3,4.0,5.0,5.5,6.0,16.6,26.3,80.0,110.3,110.4,119.7,123.7,132.0,272.9,357.2,0
149246,12,2.6,4.7,6.3,7.0,10.0,18.9,24.7,29.8,36.7,43.5,43.8,51.2,53.1,140.8,318.7,609.4,5
149248,2,1.6,7.3,9.2,12.3,12.4,18.1,21.0,35.7,46.4,71.7,128.4,165.5,237.9,262.3,372.6,378.4,1
149249,3,4.2,4.2,4.4,4.6,8.8,13.6,23.0,36.3,53.4,55.4,100.4,109.7,115.5,193.2,391.4,529.0,2
149250,4,2.3,6.4,7.0,7.6,8.3,11.3,15.3,28.9,33.4,48.2,71.4,119.5,194.9,274.4,358.7,412.0,1
149251,5,2.8,3.3,5.0,8.4,15.3,19.0,28.2,36.8,45.4,51.6,61.6,84.8,101.6,165.6,173.5,250.5,5
149252,6,2.3,6.5,7.3,10.1,12.0,13.0,16.0,17.0,17.2,27.1,43.6,80.0,145.0,438.7,440.3,456.3,4
149253,7,4.0,4.5,5.3,7.7,9.2,11.0,17.0,19.0,21.9,22.0,41.5,62.4,69.0,219.8,311.1,487.6,2
149255,9,3.3,4.0,7.3,7.9,8.8,11.3,16.8,21.2,28.2,28.3,38.9,72.3,112.4,138.8,219.6,322.1,1
149256,10,3.3,4.3,4.9,7.8,13.2,14.8,15.4,17.1,36.0,46.5,47.5,49.6,70.9,86.5,151.3,171.9,2
149257,11,2.6,3.2,4.6,16.4,18.9,23.6,25.2,26.6,40.2,43.0,43.9,44.9,196.9,231.4,250.1,433.0,12
149258,12,2.0,6.8,6.8,10.7,10.9,12.2,20.3,23.2,23.2,59.5,71.5,103.0,117.0,204.4,267.8,310.5,5
149259,1,1.7,6.0,8.9,12.2,14.6,15.4,17.6,24.2,48.8,77.9,102.8,185.1,303.5,315.6,327.2,457.9,1
149260,2,3.2,3.9,4.0,6.5,15.6,26.5,27.4,27.9,35.1,37.4,53.2,60.8,122.4,166.9,236.2,254.3,4
149261,3,2.6,3.9,7.2,7.8,13.1,14.6,25.2,26.7,27.4,32.5,39.0,66.0,91.9,126.7,533.8,549.7,10
149262,4,2.4,3.9,4.7,8.4,16.9,28.8,29.6,41.2,46.5,49.5,62.9,93.3,98.1,145.3,258.9,337.6,4
149263,5,2.5,5.0,6.6,7.0,8.4,15.8,18.0,37.7,46.1,47.9,78.5,89.4,120.2,141.8,149.2,173.4,6
149264,6,2.7,3.8,5.8,8.5,9.5,10.6,24.7,30.4,36.9,94.8,100.3,161.6,270.8,383.0,558.7,613.6,1
149265,7,0.0,2.5,5.4,6.3,8.2,11.4,11.6,14.5,16.4,29.0,34.5,148.7,232.1,263.5,300.3,403.4,0
149268,10,3.0,4.3,5.3,5.4,11.9,19.3,22.4,26.4,29.1,63.4,68.6,87.8,128.0,260.4,298.2,367.3,4
149270,12,3.2,3.4,5.9,6.3,8.5,16.5,29.4,35.3,42.8,81.9,86.8,104.6,108.6,151.9,164.6,203.6,1
149271,1,2.7,6.3,7.5,7.6,9.0,12.3,18.2,21.1,26.5,26.9,43.9,46.3,56.6,88.8,105.2,153.6,1
149272,2,1.5,7.5,13.0,16.3,17.3,21.0,21.1,26.4,30.9,40.9,58.8,66.0,69.7,148.6,164.7,219.1,1
149277,7,3.7,3.9,4.6,6.8,10.7,18.5,18.6,22.8,33.5,33.7,37.0,92.4,150.8,178.2,214.0,306.2,4
149280,10,4.2,4.7,4.9,6.7,11.1,13.5,19.5,21.6,21.8,26.5,32.1,41.1,41.3,59.3,91.5,259.8,3
149281,11,3.2,4.9,5.6,6.8,9.3,15.1,19.9,25.2,29.7,32.7,36.0,40.0,58.0,90.4,199.8,250.5,3
149282,12,2.5,4.3,4.6,11.2,14.8,16.9,24.6,26.2,37.4,48.3,60.5,65.3,90.1,121.2,160.0,382.7,12
149283,1,2.6,4.7,5.0,9.3,11.4,15.6,17.4,32.2,42.4,43.7,43.9,95.1,97.0,107.5,229.7,287.3,3
149288,6,1.9,6.7,6.7,9.4,11.6,15.5,22.2,32.9,48.0,49.2,60.6,153.0,158.4,173.7,228.6,241.2,9
149295,1,1.4,9.5,11.2,12.1,15.0,19.3,39.0,56.4,57.3,89.3,92.7,144.8,157.0,195.2,309.7,350.5,1
149296,2,3.7,4.6,5.1,5.8,7.4,16.1,20.5,21.2,23.7,28.4,123.1,145.7,205.2,222.4,232.9,247.7,2
149303,9,4.4,4.4,6.4,8.6,8.9,10.0,14.7,18.1,24.7,25.8,28.5,49.6,58.5,61.5,66.6,96.0,11
149304,10,1.7,7.6,9.7,11.5,11.7,12.4,20.8,31.1,32.7,51.6,59.9,68.6,81.6,130.4,280.3,282.2,4
149307,1,2.4,6.9,7.0,9.1,10.2,14.8,18.4,19.6,23.0,24.5,24.6,57.7,71.0,112.3,161.8,210.8,4
149313,7,2.0,5.0,7.3,12.9,14.6,14.7,20.3,25.0,28.0,32.4,75.5,94.1,133.0,154.8,165.1,443.9,6
149315,9,3.0,3.3,6.3,9.2,12.7,13.5,26.0,28.0,28.6,39.5,44.7,81.7,108.0,137.3,139.5,196.0,2
149319,1,2.2,3.8,7.8,10.0,10.2,22.8,33.5,39.2,45.9,59.2,69.2,70.1,71.2,82.2,82.5,172.5,1
149322,4,2.8,5.2,6.4,9.0,12.3,13.7,16.0,19.3,21.9,28.6,28.9,41.0,69.7,115.5,147.4,181.8,5
149330,12,0.0,2.6,5.0,5.5,8.7,10.4,10.8,14.8,28.6,36.6,40.9,68.2,85.2,133.2,291.8,298.8,0
149331,1,2.4,3.6,7.9,8.2,12.1,15.9,21.0,31.8,45.1,75.8,79.0,92.1,114.8,127.0,224.6,298.6,8
149340,10,3.1,4.9,6.5,7.7,8.1,8.1,17.0,27.8,29.4,44.8,61.8,97.1,140.6,156.5,196.8,426.7,10
149345,3,2.9,4.3,7.6,9.8,12.9,15.3,17.1,20.2,26.5,27.0,32.4,37.5,43.6,46.0,116.1,158.8,13
149348,6,3.5,3.9,6.0,7.4,7.7,9.1,22.6,26.0,44.9,51.7,83.4,88.0,110.4,141.3,158.9,199.4,7
149355,1,3.7,4.1,5.9,6.5,9.8,14.5,14.6,15.4,21.3,66.9,74.2,79.8,89.3,98.0,223.2,296.2,2
149369,3,2.6,4.9,5.5,8.9,14.2,14.3,17.0,21.3,34.0,46.4,50.2,70.0,90.5,93.0,109.4,118.9,1
149378,12,2.4,4.8,7.5,8.9,11.2,15.1,15.9,16.7,35.0,40.0,51.3,77.9,108.3,117.9,198.4,296.9,1
149379,1,0.0,3.2,3.8,5.4,5.8,10.6,14.0,33.1,33.5,34.9,39.2,67.6,121.0,121.4,156.7,179.9,0
149395,5,1.6,9.4,10.6,11.2,15.5,16.2,20.6,21.9,28.3,58.1,83.8,101.9,177.2,199.2,241.6,314.6,1
149398,8,1.7,6.7,8.6,12.4,12.8,16.8,19.7,23.2,33.2,54.8,60.8,74.4,164.9,189.6,370.7,391.3,1
149399,9,2.6,4.5,5.4,9.2,13.3,13.3,24.4,30.5,31.2,40.5,47.1,50.9,60.5,124.3,186.1,189.2,3
149403,1,3.0,4.5,6.1,6.8,9.6,11.8,18.4,33.5,36.7,38.3,46.7,70.1,94.9,106.6,184.5,462.9,4
149409,7,3.2,4.5,4.9,8.5,10.9,15.9,19.6,22.2,28.4,34.6,37.9,60.9,65.6,81.3,95.1,137.6,4
149410,8,3.0,4.3,5.3,8.3,9.7,14.5,15.5,29.9,32.0,42.6,47.7,49.2,79.4,310.0,437.8,708.1,5
149414,12,3.1,4.4,5.6,7.3,7.6,10.0,26.5,28.3,41.2,47.2,55.1,167.6,186.3,194.7,292.0,386.2,1
149415,1,2.4,3.1,6.2,9.1,9.4,22.7,29.3,73.5,87.2,116.0,128.8,187.4,245.3,277.0,362.5,371.6,2
149417,3,3.6,5.7,6.0,7.4,9.4,14.3,14.7,17.3,17.4,22.7,30.5,35.6,55.6,92.3,107.9,195.5,6
149425,11,3.5,4.5,6.2,6.8,10.0,11.7,14.3,19.1,26.3,33.7,68.2,70.1,71.0,90.4,168.2,219.6,1
149427,1,2.6,6.8,6.9,7.1,9.5,10.1,25.4,25.6,31.3,33.0,34.4,36.1,81.1,87.1,242.7,374.6,7
149428,2,2.2,3.6,8.9,10.2,10.4,20.5,26.4,29.6,38.3,47.9,67.0,69.7,178.3,238.0,273.9,343.6,2
149432,6,3.6,3.6,4.7,9.9,12.3,12.8,15.2,20.7,25.7,49.5,50.0,87.0,120.9,122.9,175.7,190.7,13
149433,7,2.7,4.4,6.9,8.5,12.5,14.9,15.4,17.5,20.5,36.0,66.0,85.2,137.8,144.6,223.0,476.3,2
149439,1,1.2,11.3,13.7,17.8,20.8,30.0,34.0,37.4,144.1,185.5,209.0,211.4,292.6,296.9,345.5,439.7,1
149445,7,2.8,4.4,6.9,8.5,10.5,13.8,14.8,17.3,34.7,37.0,54.8,71.1,83.9,128.3,152.1,373.2,3
149449,11,4.0,4.0,6.4,6.5,8.9,9.4,15.8,20.1,28.1,42.1,61.4,89.9,92.3,114.7,143.0,168.1,2
149451,1,3.1,3.5,5.7,6.8,12.7,15.6,21.7,24.1,28.4,57.9,65.4,132.5,160.8,173.7,179.6,333.3,1
149453,3,0.0,2.2,7.1,8.1,8.7,9.8,10.0,15.8,24.7,27.5,31.0,41.9,125.1,157.2,292.1,354.8,0
149457,7,2.4,3.3,6.0,11.8,14.5,19.9,24.4,28.9,30.6,64.9,76.6,112.3,202.6,245.4,337.8,343.0,2
149458,8,4.3,5.1,5.2,6.2,9.9,11.9,15.8,16.7,19.1,43.5,44.8,48.2,49.6,64.3,137.6,153.9,8
149459,9,2.3,4.6,7.1,8.2,12.1,17.2,20.1,23.3,26.7,41.2,63.7,116.6,176.5,189.4,206.3,249.8,1
149462,12,3.9,4.1,6.3,10.8,11.1,12.3,13.8,16.0,21.6,24.9,28.9,36.9,39.0,65.3,165.8,190.9,10
149463,1,3.4,3.9,4.5,7.3,7.7,25.3,29.4,31.4,45.3,51.2,57.4,63.8,71.7,103.6,143.5,258.5,3
149464,2,0.0,1.7,3.0,13.7,15.4,20.9,29.4,30.9,39.2,79.0,128.3,149.8,226.0,247.5,370.4,531.1,0
149466,4,3.5,5.5,6.5,6.9,8.5,9.0,13.3,14.0,40.4,41.6,60.1,80.1,96.0,99.8,105.4,153.8,3
149467,5,3.0,3.4,5.9,9.6,10.6,17.1,18.7,21.3,22.4,77.0,117.5,121.2,126.5,135.2,190.3,200.8,2
149470,8,3.7,4.1,4.3,11.6,13.2,17.7,17.8,19.2,19.5,19.6,42.6,51.1,65.0,75.0,218.0,270.1,1
149474,1,1.9,5.3,6.1,8.5,11.8,19.0,44.1,44.6,48.6,55.2,57.4,101.7,186.4,207.1,230.1,387.7,1
149475,2,2.9,3.5,5.6,7.7,12.0,15.4,20.3,35.0,35.1,36.8,111.6,121.4,127.6,151.2,364.2,407.5,9
149476,3,3.3,4.1,4.5,9.2,18.9,19.9,20.0,21.7,28.2,35.7,38.8,40.2,42.3,47.4,99.4,125.5,1
149478,5,0.0,5.4,5.6,6.8,7.8,7.9,8.7,8.7,16.1,17.4,17.6,24.9,40.6,78.6,155.6,195.7,0
149479,6,1.9,4.6,7.6,9.2,10.6,17.0,22.4,48.7,63.0,75.6,77.1,167.9,270.7,271.9,357.3,371.1,2
149481,8,2.3,4.2,6.3,7.9,16.8,17.2,28.3,28.7,33.1,42.1,97.6,103.7,109.9,130.4,144.3,225.2,4
149482,9,2.9,5.1,5.5,8.3,9.1,11.1,15.6,24.7,32.0,34.2,65.2,78.2,158.0,163.3,198.0,210.0,2
149484,11,3.4,4.4,4.7,6.6,9.8,16.6,22.6,27.7,34.5,42.5,58.9,66.3,74.8,86.1,99.5,133.6,2
149486,1,0.0,1.5,5.2,5.9,14.3,18.7,21.3,87.3,92.5,136.0,156.3,175.0,226.9,300.2,372.1,418.4,0
149487,2,2.0,4.4,9.8,11.2,13.0,14.9,14.9,25.9,28.2,41.2,100.4,136.2,164.3,219.2,240.7,547.1,2
149488,3,2.4,4.0,8.1,9.9,13.4,14.2,16.6,17.2,48.3,69.1,73.0,76.5,82.4,82.9,130.5,247.4,1
149490,5,2.2,6.4,6.5,8.6,12.1,12.7,25.7,28.1,37.6,45.1,45.9,47.5,47.7,99.3,117.0,231.8,4
149492,7,2.4,3.5,4.6,10.7,13.3,19.8,23.0,30.6,101.3,106.0,120.7,217.4,280.3,308.2,344.8,372.1,1
149493,8,1.5,7.5,12.0,13.8,14.4,15.6,15.7,27.1,56.5,68.7,69.1,123.2,142.5,224.9,285.7,454.8,1
149496,11,4.4,4.5,5.6,6.2,11.5,13.9,14.0,15.8,20.7,36.8,40.7,48.7,53.4,66.9,93.0,111.1,13
149497,12,2.8,3.5,7.1,8.9,12.8,18.8,19.4,24.0,24.3,36.6,40.3,53.9,78.8,147.0,227.7,229.3,1
149498,1,4.5,4.5,4.8,7.5,8.1,8.8,12.2,20.2,21.9,53.8,90.0,112.3,132.7,151.1,244.6,291.8,1
149499,2,1.3,7.1,10.8,15.7,23.4,34.9,56.4,91.5,96.1,120.0,150.1,150.7,151.2,214.5,240.1,294.7,1
149500,3,2.4,4.6,5.7,9.3,9.8,15.7,24.8,27.3,40.8,48.7,49.6,161.0,186.0,220.6,226.7,354.5,1
149501,4,2.3,3.2,7.3,10.0,16.5,20.3,24.2,37.4,41.2,60.5,66.0,130.2,157.8,165.3,168.6,242.4,1
149502,5,3.0,4.6,8.3,9.3,9.5,15.6,16.8,17.7,19.1,21.1,23.5,36.3,80.1,197.5,380.0,383.3,12
149503,6,4.4,4.5,6.9,7.8,8.0,12.4,12.6,13.9,26.5,29.0,29.7,40.5,43.4,92.0,119.1,199.9,8
149504,7,1.7,4.5,6.4,8.7,22.0,23.9,49.6,76.4,95.8,132.5,162.4,194.2,220.6,362.5,498.7,579.6,16
149506,9,2.3,5.9,8.3,8.6,10.0,10.6,13.6,33.0,34.9,43.6,44.6,70.4,125.5,143.2,323.7,367.6,1
149507,10,1.6,6.4,7.8,14.5,14.6,21.5,28.1,34.0,41.1,42.6,46.0,58.1,187.7,420.8,460.8,552.0,1
149508,11,2.8,3.2,4.9,6.2,21.5,22.1,38.8,44.5,58.4,83.3,87.2,112.3,132.0,137.8,174.1,180.6,10
149509,12,2.8,3.1,7.9,8.4,8.7,20.2,23.1,31.8,37.0,81.8,83.5,111.4,124.2,128.9,242.9,247.8,6
149510,1,1.6,6.2,8.3,11.6,11.9,18.7,33.3,56.7,62.9,67.7,83.3,148.8,185.5,337.3,392.2,428.8,4
149511,2,1.4,6.3,9.8,15.6,17.4,19.7,40.6,49.0,78.7,99.4,103.3,126.2,172.7,264.1,564.4,634.6,1
149512,3,1.7,4.4,7.4,9.4,17.3,18.9,31.7,78.4,200.1,290.3,295.2,328.0,342.1,346.4,359.0,473.8,2
149514,5,3.2,4.9,6.1,8.3,10.8,15.3,19.1,19.7,24.4,25.5,29.8,31.5,43.7,80.9,129.9,151.0,2
149515,6,2.8,4.0,4.9,8.6,12.1,15.0,22.9,31.6,35.7,47.9,66.8,80.5,88.0,130.5,163.8,192.7,5
149516,7,2.9,3.6,7.2,10.7,15.6,15.8,20.5,20.5,21.4,21.7,44.5,57.1,66.2,75.1,211.6,246.4,2
149517,8,3.0,5.5,5.9,6.5,8.1,9.6,18.1,28.0,35.2,38.9,54.3,76.4,111.6,268.3,339.3,427.6,10
149518,9,1.7,6.4,6.7,7.9,24.6,29.1,37.0,42.1,62.9,69.3,73.0,75.5,94.7,127.4,156.2,305.2,3
149520,11,4.2,5.9,6.3,7.4,8.5,11.8,13.0,16.8,17.8,18.9,19.4,55.0,67.9,70.3,117.9,383.6,1
149521,12,2.1,5.3,6.6,8.1,11.3,11.7,28.6,36.5,44.5,64.9,80.0,90.8,94.6,160.4,206.7,448.0,5
149522,1,2.4,4.0,8.4,8.8,10.5,19.3,19.9,20.9,27.1,35.4,47.7,119.2,130.5,243.8,273.6,277.0,4
149523,2,3.2,5.2,6.3,8.6,8.8,10.2,12.5,14.0,28.4,41.8,42.7,86.1,94.2,168.8,225.6,255.4,4
149524,3,1.8,3.8,8.8,12.2,13.4,20.2,48.6,49.7,55.9,102.9,112.2,119.7,200.0,224.6,276.0,438.1,1
149525,4,3.0,3.9,5.3,8.1,11.7,12.3,19.3,36.1,49.2,51.2,57.8,67.6,78.8,95.2,142.2,315.9,2
149526,5,2.2,3.9,10.4,11.6,11.6,14.4,19.3,24.3,25.9,30.8,41.6,97.6,180.1,214.9,304.3,326.8,3
149528,7,1.9,4.5,7.8,11.3,13.8,21.7,22.2,24.9,36.7,39.8,74.5,143.7,160.2,202.6,218.2,218.4,3
149529,8,0.0,2.5,3.7,3.8,9.8,16.2,31.5,49.0,49.1,65.2,67.6,69.5,94.8,110.2,124.4,259.7,0
149530,9,1.9,6.6,9.7,10.2,16.3,17.4,17.5,18.7,19.4,46.0,67.9,68.8,77.3,88.0,156.7,175.7,14
149532,11,1.6,7.6,10.1,10.2,12.9,15.2,19.2,35.2,43.5,57.1,65.6,105.4,113.2,179.0,212.0,246.5,10
149533,12,2.7,3.7,5.1,12.0,12.4,16.8,17.6,18.2,69.4,72.1,83.5,88.3,103.5,105.7,109.9,316.1,1
149536,3,2.3,3.9,7.7,8.7,10.5,13.5,18.8,43.2,45.9,72.7,114.0,122.7,254.9,267.1,395.9,633.7,4
149538,5,2.7,6.4,7.0,8.7,9.2,14.5,15.1,19.0,19.5,22.8,24.0,99.3,119.3,138.9,217.1,227.3,1
149539,6,2.2,5.1,5.4,13.0,13.7,18.0,19.0,40.7,41.8,42.3,46.0,52.8,58.3,58.5,69.0,118.4,7
149540,7,3.5,4.1,5.7,6.6,8.5,15.7,18.4,27.3,28.5,36.1,54.1,65.4,103.3,124.4,168.4,180.9,2
149541,8,0.0,2.8,3.5,4.8,8.0,16.0,16.6,18.6,31.7,60.3,63.3,81.4,110.3,119.6,131.8,316.8,0
149545,12,3.8,4.6,5.5,6.6,6.7,13.2,22.5,27.5,33.7,41.0,43.9,45.5,56.2,100.8,142.5,247.7,4
149546,1,0.0,0.0,3.2,3.9,8.0,16.1,16.6,31.4,45.3,60.9,86.5,86.5,100.8,113.0,130.8,195.5,6
149548,3,0.0,0.0,1.8,4.2,8.1,10.9,14.2,20.6,43.3,57.2,91.5,133.0,174.9,346.4,555.7,621.3,1
149549,4,0.0,0.0,3.0,5.4,6.6,8.3,11.6,14.0,15.2,19.8,21.1,24.0,33.5,38.3,63.9,123.6,1
149550,5,1.8,5.9,6.1,12.4,14.0,14.0,37.1,45.8,50.0,61.4,63.3,87.2,120.0,124.9,128.6,136.8,1
149551,6,3.9,4.1,4.3,7.5,9.7,13.9,19.3,24.3,30.3,37.9,40.5,86.6,105.0,127.9,136.5,171.4,14
149552,7,3.9,4.4,5.2,5.4,8.4,15.5,16.5,20.3,55.4,60.2,63.9,71.0,74.4,101.1,106.2,121.7,4
149557,12,3.2,4.2,5.3,7.7,11.0,15.8,15.9,18.2,31.8,48.1,50.1,73.2,95.3,108.4,124.6,267.2,5
149558,1,3.5,4.8,5.7,9.2,9.9,10.7,14.2,14.9,18.9,22.1,83.2,83.4,113.6,125.3,220.9,346.5,3
149559,2,2.0,5.0,5.4,7.5,14.2,18.2,27.5,67.6,68.0,75.6,151.9,161.2,200.4,227.0,383.3,489.7,1
149562,5,3.5,3.6,7.1,8.0,11.2,14.1,16.9,18.6,21.5,25.3,39.0,45.4,71.5,231.4,299.7,441.9,10
149564,7,3.2,4.9,5.2,5.3,7.1,20.0,22.5,23.7,30.2,56.5,104.0,151.6,213.5,280.0,500.5,523.7,8
149567,10,3.4,4.1,4.7,9.6,11.3,12.9,17.1,22.2,29.4,48.1,49.8,51.4,68.7,81.0,119.9,251.9,14
149568,11,3.6,3.8,8.1,8.3,8.7,14.4,14.5,15.5,25.1,33.7,38.5,48.2,74.3,94.2,95.5,289.9,1
149570,1,2.0,5.1,5.8,8.4,12.5,21.2,28.4,31.2,33.2,95.2,108.0,125.1,152.8,241.2,243.7,251.5,9
149571,2,2.6,5.3,6.2,6.7,8.7,11.2,14.2,40.0,57.1,66.0,78.5,141.3,227.9,260.0,274.5,479.1,1
149572,3,2.1,5.4,5.4,12.9,14.5,18.4,20.8,28.5,29.6,31.4,36.2,111.0,122.3,151.9,226.5,257.0,3
149574,5,2.2,4.0,5.7,8.0,17.4,32.5,34.2,35.1,43.3,49.5,49.8,76.5,85.5,115.2,272.1,305.2,1
149576,7,3.3,4.9,5.9,7.9,10.0,10.5,16.7,17.4,21.6,30.4,47.2,54.3,112.7,151.9,259.0,309.9,8
149577,8,2.5,3.0,6.9,7.7,15.1,20.0,28.4,35.6,46.1,85.7,123.8,150.4,201.5,220.7,267.4,363.0,3
149581,12,4.1,5.4,6.2,6.4,8.5,10.0,14.5,17.4,19.6,28.3,28.3,42.0,88.8,112.7,337.5,384.0,11
149582,1,1.8,3.7,8.0,14.4,16.3,27.2,29.5,30.2,31.8,200.6,227.0,318.0,342.6,400.7,517.1,528.4,9
149583,2,2.9,2.9,5.7,9.2,10.9,20.8,26.8,28.3,38.5,68.5,115.4,120.5,150.3,174.6,364.3,731.8,2
149584,3,2.5,3.7,7.6,10.9,11.1,20.0,20.8,21.9,29.7,30.3,47.8,64.4,112.2,199.7,234.5,393.1,2
149586,5,1.5,7.0,7.8,15.5,21.6,22.4,32.4,32.7,34.3,41.5,49.5,73.7,259.8,401.9,416.2,470.2,4
149587,6,1.6,7.4,11.4,12.9,13.3,15.8,22.4,38.6,41.7,47.5,50.0,59.1,69.5,71.0,223.0,297.6,1
149592,11,2.0,4.3,9.3,10.1,16.9,20.4,21.5,26.0,45.9,53.4,55.5,60.2,75.0,117.4,118.1,178.0,2
149593,12,2.2,3.3,8.6,15.8,16.7,19.9,25.4,38.0,38.1,39.3,46.3,47.6,61.7,86.6,166.7,335.6,4
149594,1,2.9,3.6,5.2,7.1,14.4,20.2,23.2,24.8,32.5,43.9,71.1,89.8,132.9,254.1,280.3,320.0,2
149595,2,3.2,3.9,4.8,6.5,7.0,16.6,28.1,33.8,66.4,98.8,104.7,184.6,258.2,274.4,388.4,611.8,15
149598,5,3.2,4.3,6.6,11.2,11.8,13.3,13.7,13.9,14.0,32.9,42.8,45.2,142.6,149.7,273.5,310.0,10
149599,6,3.0,4.0,5.8,6.3,8.7,22.7,24.4,25.1,27.3,65.2,72.9,91.5,109.6,142.2,148.1,155.4,2
149601,8,3.3,4.1,5.2,5.6,10.9,19.6,25.0,25.9,31.7,46.7,48.4,57.5,84.5,106.5,173.5,348.6,2
149602,9,1.8,5.8,8.4,11.4,16.8,17.6,20.0,24.9,38.1,45.0,61.3,63.5,77.1,154.8,360.2,393.4,11
149605,12,0.0,3.5,5.2,7.5,8.0,8.5,9.1,13.7,18.3,21.5,21.8,45.3,59.2,63.7,76.3,79.9,0
149606,1,2.3,3.1,7.4,8.7,14.2,19.8,21.5,33.0,67.3,100.0,133.1,256.9,282.1,398.5,402.6,484.1,1
149607,2,2.8,3.6,5.2,11.4,12.6,19.8,22.8,27.2,27.8,34.0,40.1,68.3,95.4,193.2,330.6,362.6,2
149608,3,3.8,4.2,4.7,6.3,9.7,18.1,19.7,20.9,27.4,38.7,49.8,51.3,77.3,126.2,243.0,329.5,1
149610,5,1.6,5.1,8.0,16.1,17.8,28.2,30.4,31.5,42.9,101.6,132.5,154.2,159.9,257.6,326.0,425.0,3
149611,6,2.2,4.9,6.9,7.3,16.9,20.7,23.7,26.7,27.2,44.6,55.8,60.3,60.6,129.5,232.1,358.0,9
149614,9,3.8,4.2,5.3,8.5,12.1,12.1,15.1,15.6,17.6,33.9,57.9,61.7,67.5,84.8,249.0,259.4,2
149615,10,3.7,5.7,6.0,6.5,8.1,8.2,12.1,23.8,30.1,37.3,70.3,75.8,80.7,101.3,155.5,160.4,2
149616,11,3.3,3.6,4.4,6.1,12.6,19.9,21.8,35.3,39.1,74.0,97.0,118.2,119.4,148.9,154.1,320.0,2
149617,12,2.6,5.3,5.8,8.6,9.9,13.1,20.9,27.3,35.3,36.2,40.2,55.6,70.7,86.9,127.6,259.6,9
149618,1,2.3,7.6,7.8,8.1,8.1,11.4,15.0,24.8,25.0,44.2,49.1,67.0,111.9,124.0,156.8,258.5,1
149619,2,1.5,6.3,7.7,11.8,24.4,29.7,30.5,33.6,52.1,64.9,122.2,231.4,424.3,480.4,554.9,647.8,1
149620,3,1.8,6.3,7.0,14.5,16.7,18.3,19.2,24.5,25.1,35.8,83.1,92.4,104.7,126.9,172.6,380.1,1
149622,5,0.0,0.0,2.8,2.9,4.7,7.1,17.9,27.1,30.8,48.9,72.8,74.6,145.8,194.8,211.2,277.4,0
149624,7,2.6,4.8,5.3,7.8,15.4,16.4,16.6,19.3,33.6,33.9,67.7,103.2,140.5,153.5,247.2,279.5,2
149627,10,4.3,7.1,8.1,8.6,9.3,9.7,12.3,12.6,13.4,20.5,24.1,24.4,39.3,46.1,70.2,121.2,16
149628,11,4.9,6.0,6.9,7.5,8.6,12.7,14.0,15.3,16.1,17.1,20.3,21.6,39.1,55.8,100.6,103.9,6
149629,12,2.5,4.0,5.7,8.5,12.1,21.2,22.0,32.8,40.0,50.6,63.2,64.6,80.5,96.3,140.1,284.4,1
149630,1,2.5,5.2,6.1,7.1,8.7,11.0,19.2,24.2,60.3,93.3,94.8,161.3,192.4,240.4,327.3,635.8,6
149631,2,1.7,5.3,6.1,13.2,17.2,20.9,27.5,43.5,43.9,128.5,165.7,167.9,357.1,503.1,628.0,798.3,11
149632,3,2.9,4.6,5.8,8.3,8.6,13.2,18.0,19.1,26.0,37.3,81.7,89.2,112.7,183.6,229.5,379.0,1
149634,5,2.0,3.6,7.5,8.6,9.2,53.6,55.2,69.2,72.8,104.9,108.6,154.2,310.1,331.7,333.0,420.6,10
149635,6,2.6,4.5,4.9,8.2,12.5,13.6,19.7,31.2,66.8,73.7,86.9,91.6,93.7,97.8,180.7,212.7,4
149637,8,4.0,4.2,4.6,6.2,7.7,11.0,25.8,32.5,40.4,40.5,51.9,65.8,170.0,185.3,205.6,222.9,3
149638,9,3.2,3.4,7.2,7.2,13.1,13.1,18.5,20.3,38.4,54.3,54.4,62.7,89.8,100.4,102.4,142.5,2
149639,10,3.6,4.3,4.6,8.2,10.9,15.0,15.1,23.7,29.8,33.8,38.0,58.6,64.1,70.0,152.6,182.1,6
149642,1,1.6,8.0,10.6,12.3,12.6,15.3,15.5,24.3,44.3,69.0,108.9,157.9,312.0,408.1,554.1,603.2,5
149643,2,1.8,6.3,9.8,11.0,11.8,13.4,16.8,19.2,44.2,60.4,77.6,144.4,148.2,163.8,260.3,423.6,1
149644,3,3.1,4.0,5.5,5.6,10.6,18.0,18.9,22.5,23.3,61.4,148.7,238.2,238.9,285.5,340.5,531.9,3
149645,4,2.9,4.3,5.0,5.5,14.3,17.5,24.6,27.2,37.3,65.3,66.7,77.1,88.5,200.7,260.3,405.2,1
149646,5,3.6,4.4,6.0,6.8,8.0,13.3,14.4,20.2,20.6,25.5,140.3,152.5,198.9,215.8,481.5,581.1,9
149649,8,2.9,3.7,6.1,8.5,11.4,14.0,26.7,28.1,29.4,41.3,43.4,76.1,86.0,109.2,210.5,296.0,1
149651,10,1.9,6.2,7.6,12.3,13.7,19.4,31.2,31.2,35.0,36.0,39.0,40.7,45.9,74.6,97.2,232.8,2
149652,11,3.4,5.5,6.2,7.9,8.3,12.4,13.2,22.2,23.5,24.3,34.4,38.5,73.8,78.3,123.6,283.3,1
149653,12,3.5,4.7,6.3,6.6,9.8,12.2,12.9,13.4,15.3,82.4,108.9,121.3,174.7,181.9,191.0,333.3,2
149654,1,2.7,3.5,4.4,10.1,14.1,22.4,22.9,31.7,35.4,40.0,107.8,173.6,210.0,263.7,383.3,496.6,1
149655,2,2.0,4.5,4.9,10.5,14.6,38.7,40.7,47.1,59.7,60.3,78.8,102.4,114.0,131.6,194.0,260.8,1
149656,3,2.2,4.2,5.7,11.8,13.8,18.2,21.9,24.3,47.0,53.4,56.3,72.0,72.3,291.1,318.0,346.0,16
149658,5,1.7,6.3,8.2,8.5,15.6,17.6,23.7,36.5,40.0,57.1,85.9,95.7,270.4,426.3,437.0,482.5,4
149660,7,2.8,4.7,5.5,8.2,10.3,13.8,14.3,18.3,40.1,42.5,62.7,115.5,170.1,171.5,225.7,287.2,3
149663,10,1.7,4.9,9.9,16.4,19.3,19.7,24.1,25.4,26.7,41.1,42.7,121.7,131.2,159.2,161.5,274.8,9
149667,2,2.7,5.5,5.6,6.0,7.6,19.3,24.7,28.4,28.8,50.4,63.8,146.3,191.6,198.8,289.3,318.5,3
149670,5,3.8,4.3,5.1,10.5,12.0,14.9,18.7,23.5,23.8,23.8,25.6,26.1,38.2,65.1,80.9,99.0,7
149673,8,2.9,7.2,7.3,7.5,8.5,9.4,9.8,13.6,29.3,46.3,75.0,84.5,131.8,156.4,225.4,284.0,8
149676,11,3.4,4.1,6.6,7.2,10.0,11.2,14.4,29.2,30.8,39.3,47.4,66.8,67.5,69.3,166.6,216.0,2
149677,12,3.7,5.3,6.0,6.0,9.0,9.7,13.7,24.3,24.8,35.8,46.0,76.6,80.3,94.7,125.7,149.2,5
149679,2,3.6,3.9,7.2,7.9,8.8,10.9,13.8,21.0,33.2,34.9,36.6,79.1,88.7,122.8,145.1,190.4,2
149683,6,2.6,4.9,5.1,8.5,13.6,15.0,16.6,25.8,32.7,36.6,40.5,134.2,141.1,144.7,208.4,283.2,1
149688,11,3.7,5.3,6.3,8.3,10.0,11.0,12.1,13.1,14.1,26.7,39.0,52.5,110.9,191.8,215.4,349.0,3
149689,12,2.9,4.3,5.0,10.5,11.3,14.8,20.2,21.0,26.7,30.6,37.9,74.3,76.7,223.9,437.0,451.2,3
149691,2,1.4,6.9,6.9,12.6,20.0,24.9,73.3,104.8,118.6,171.0,196.7,292.6,332.2,344.1,346.0,670.7,2
149693,4,1.9,6.4,8.7,12.4,14.9,15.4,16.5,18.7,19.3,25.6,57.8,156.8,177.6,180.8,256.7,390.0,8
149695,6,4.1,5.4,5.6,7.4,8.4,9.2,12.8,17.4,28.5,29.3,31.0,59.4,73.1,149.6,160.4,173.0,2
149696,7,2.6,4.3,7.2,8.8,9.1,9.4,18.5,18.5,59.7,78.2,117.7,126.0,128.1,154.9,259.3,414.3,5
149698,9,3.2,6.9,7.2,8.4,10.8,12.9,13.9,14.8,17.0,24.7,26.3,27.3,42.4,53.0,123.9,148.0,9
149700,11,4.4,4.4,7.1,7.7,9.2,9.3,12.9,14.1,17.0,29.4,40.7,56.3,58.9,117.0,177.8,226.7,5
149702,1,2.1,2.8,9.9,11.8,18.1,19.6,19.8,28.3,151.6,179.1,201.2,264.0,333.8,344.5,411.1,619.0,1
149703,2,2.4,4.2,7.3,7.3,8.7,13.2,22.2,40.7,48.6,67.4,75.1,178.6,331.5,395.4,408.5,432.3,1
149704,3,2.0,4.4,7.6,9.7,18.7,20.4,21.2,21.6,36.9,40.2,94.6,99.1,215.1,531.7,657.5,681.9,9
149705,4,2.0,3.1,7.9,13.2,18.8,24.2,30.2,31.1,45.4,64.4,176.2,257.8,312.3,517.8,526.6,535.8,1
149706,5,3.0,3.9,4.1,9.3,11.6,15.2,28.0,39.3,45.9,60.5,69.3,81.9,91.5,126.7,173.4,260.1,2
149707,6,3.0,4.5,5.4,8.3,13.3,16.3,17.7,18.3,22.3,25.6,39.4,41.9,88.3,304.6,324.6,350.6,3
149709,8,1.6,4.4,9.9,12.1,14.4,19.5,33.2,64.6,77.1,115.1,199.0,272.7,326.4,358.5,359.1,365.2,1
149712,11,2.5,3.4,6.9,8.5,13.8,14.1,19.2,31.5,50.9,79.1,99.9,105.6,109.8,142.2,218.9,464.3,2
149713,12,3.3,3.4,5.5,11.3,12.2,15.6,19.1,20.5,23.1,31.5,44.9,57.8,77.7,150.5,213.3,552.4,7
149714,1,2.5,3.1,7.4,11.3,12.9,14.2,22.1,26.9,34.7,61.5,72.5,143.5,155.8,162.0,196.1,301.6,1
149715,2,1.7,6.3,9.9,11.2,12.2,17.7,18.3,22.3,32.3,47.0,52.6,344.0,381.3,489.8,524.6,718.1,14
149716,3,2.3,3.2,6.0,8.7,14.7,15.9,39.6,44.3,107.7,115.3,149.5,151.5,153.9,163.5,279.6,375.5,2
149719,6,0.0,4.5,4.7,5.0,5.3,6.1,10.0,22.1,36.1,46.4,57.3,58.1,60.7,83.1,96.3,350.7,0
149720,7,2.6,3.5,4.8,10.2,14.4,14.8,15.0,30.2,63.9,113.2,118.3,231.3,271.0,325.5,389.5,508.7,3
149724,11,3.4,6.5,7.0,11.1,11.3,12.6,13.8,14.7,14.7,15.1,19.9,25.8,55.3,98.1,114.4,152.2,4
149725,12,3.2,3.7,7.2,7.8,15.3,16.1,19.4,24.9,26.5,32.5,33.7,34.4,35.0,50.9,179.4,250.6,6
149731,6,2.7,3.1,6.5,9.4,14.5,14.7,25.0,45.0,52.7,53.6,55.5,56.1,78.5,138.6,144.9,251.4,2
149735,10,2.3,4.3,7.0,8.4,15.4,18.0,19.2,37.4,40.6,49.0,50.6,67.7,79.5,90.9,94.3,167.6,2
149736,11,2.4,4.6,6.0,6.5,16.2,20.8,23.9,26.4,33.5,44.6,57.3,80.7,95.7,131.4,166.2,167.8,15
149737,12,3.3,4.3,5.8,6.8,9.5,10.4,21.5,21.5,24.1,64.8,66.5,91.7,93.5,285.8,336.9,441.6,1
149739,2,1.9,4.4,5.9,13.2,14.9,18.0,22.4,32.5,60.0,163.2,186.4,188.9,275.5,321.6,322.9,502.1,1
149741,4,3.0,3.2,6.2,9.7,12.3,15.5,15.6,34.8,36.2,41.0,90.1,107.9,118.8,133.5,134.6,280.7,1
149742,5,3.1,3.2,5.6,7.5,12.1,17.1,27.4,34.2,40.2,41.8,50.3,105.3,112.6,144.6,179.1,184.4,3
149743,6,3.0,3.4,8.2,9.0,12.8,14.6,20.6,21.8,31.6,32.0,34.5,48.0,54.7,80.8,203.2,249.6,5
149747,10,3.4,4.8,8.2,8.3,8.9,10.8,14.9,15.4,15.7,45.8,49.0,50.4,59.6,74.2,80.9,165.9,2
149752,3,1.9,4.2,9.1,11.5,13.1,15.1,19.8,49.8,68.3,68.8,70.6,113.3,139.2,228.0,263.1,409.4,1
149761,12,2.3,3.8,7.4,12.9,16.5,16.8,23.3,27.1,29.9,33.5,37.4,41.6,58.1,96.0,153.2,295.3,1
149764,3,2.3,5.1,6.8,7.4,10.9,20.6,21.7,26.5,26.5,44.4,58.3,68.9,75.2,185.9,297.0,439.9,1
149767,6,2.8,4.2,7.3,10.7,11.4,15.5,17.4,19.5,22.8,26.1,52.6,53.3,69.7,72.6,87.1,130.2,8
149773,12,2.5,4.3,5.6,7.2,10.9,16.3,26.1,26.7,45.8,52.0,126.0,218.1,251.0,258.3,274.3,372.1,6
149774,1,3.1,4.0,7.5,7.9,8.4,11.0,13.0,26.9,31.7,40.9,54.5,105.5,130.0,225.6,280.9,286.6,3
149775,2,2.8,2.8,5.9,9.6,9.8,23.2,32.2,39.2,48.1,72.2,138.6,143.0,169.9,202.6,252.4,470.8,4
149776,3,2.3,4.6,6.4,6.8,14.7,15.2,28.9,31.3,31.6,53.3,67.4,120.4,144.3,219.2,233.0,255.0,1
149777,4,2.0,3.3,7.2,10.6,18.3,19.0,30.7,41.7,59.9,79.6,112.3,138.1,206.3,218.1,297.8,300.5,1
149779,6,1.3,9.6,11.4,16.4,29.3,30.8,35.8,36.6,43.8,59.0,73.4,88.1,110.2,111.2,317.5,418.0,1
149781,8,4.2,4.5,4.9,6.9,8.4,13.2,20.7,22.0,22.3,27.4,29.3,39.0,97.1,156.1,186.6,289.5,4
149782,9,4.3,5.0,7.1,7.8,8.0,9.7,11.2,16.0,17.1,29.8,34.4,40.3,68.8,132.5,201.6,456.1,3
149785,12,3.2,3.5,5.1,6.7,12.3,14.6,21.5,33.5,43.0,43.0,68.7,117.1,136.0,195.3,201.4,280.6,12
149786,1,3.1,3.6,6.4,6.9,12.7,16.9,20.4,23.8,32.1,32.5,35.0,68.0,199.1,243.7,309.4,311.6,1
149787,2,2.8,3.4,6.6,7.6,9.8,13.7,29.8,32.3,34.4,44.9,82.4,147.1,200.0,305.4,338.6,346.3,3
149788,3,2.0,4.2,7.5,9.9,16.2,17.5,22.5,28.2,29.7,46.3,71.2,92.2,280.5,360.3,389.2,420.5,9
149789,4,3.5,3.7,5.5,7.4,8.4,14.0,18.6,23.1,28.0,31.5,100.5,187.7,216.5,257.3,286.4,328.1,1
149791,6,1.8,4.0,6.0,9.7,25.7,34.4,40.4,55.5,64.4,76.1,120.4,157.1,226.3,298.4,321.3,339.3,6
149792,7,3.2,3.2,6.8,8.5,9.8,17.4,21.3,21.5,23.7,30.7,77.6,126.7,216.0,270.2,323.6,366.1,3
149795,10,2.4,5.1,7.6,7.9,11.8,13.2,14.2,20.3,35.1,44.0,71.2,91.5,121.3,155.7,187.2,220.1,1
149796,11,2.5,2.9,6.6,11.7,15.0,17.3,18.9,23.9,81.2,81.3,91.1,92.9,206.3,219.1,351.6,391.0,7
149797,12,3.4,3.9,4.8,4.9,18.2,20.5,23.7,25.9,41.4,47.7,49.0,62.0,99.1,121.9,192.0,302.6,6
149798,1,0.0,1.9,5.9,7.2,8.7,11.0,16.5,23.9,28.4,37.2,46.6,78.8,186.7,207.5,275.6,325.1,0
149800,3,2.0,4.0,6.3,12.0,12.8,18.7,26.3,47.2,49.7,54.8,79.8,95.4,142.2,173.6,398.5,458.5,5
149803,6,3.3,5.7,7.2,8.4,10.3,12.8,14.9,16.2,20.1,21.6,26.4,30.9,31.8,94.8,188.5,223.5,3
149805,8,2.4,4.6,6.6,7.9,11.8,12.7,18.9,30.5,35.7,48.8,55.5,85.0,151.1,243.8,254.0,300.7,1
149809,12,2.8,6.2,6.9,7.9,9.0,13.2,15.3,16.0,25.6,30.4,35.2,61.4,61.5,82.7,119.1,278.1,1
149811,2,2.7,3.1,4.8,8.2,11.4,21.3,32.1,83.1,84.5,123.0,188.8,190.6,199.9,213.8,243.1,420.7,1
149812,3,3.6,4.5,4.8,6.7,9.4,11.9,16.0,19.2,29.6,56.7,65.6,73.6,152.0,329.6,388.6,397.9,3
149815,6,3.4,5.6,6.3,7.6,9.6,12.4,14.0,14.3,16.7,18.8,77.2,87.8,88.5,114.1,123.5,233.4,3
149816,7,3.0,3.8,5.4,9.2,9.8,14.6,17.2,18.3,29.1,52.6,71.0,101.1,257.9,283.4,303.1,310.2,7
149817,8,4.6,5.4,5.9,6.2,8.1,12.8,12.9,15.3,20.4,21.7,25.9,43.7,67.9,196.6,283.8,357.3,3
149819,10,3.8,5.3,5.8,9.2,9.9,10.1,13.4,14.2,16.4,18.8,40.3,82.2,111.9,117.0,123.5,143.3,1
149820,11,2.2,6.0,8.3,8.5,9.0,13.7,15.7,19.8,28.5,33.4,84.4,122.2,169.5,191.6,215.8,426.1,1
149821,12,3.2,5.0,5.7,6.0,7.9,15.5,20.8,26.1,27.5,39.1,68.9,73.4,84.5,101.0,105.9,120.3,3
149822,1,4.3,4.7,6.8,7.0,7.9,9.1,11.1,14.0,15.8,49.9,72.7,118.6,148.6,149.8,167.9,219.0,3
149823,2,2.8,2.9,8.2,9.2,11.7,12.9,15.8,27.4,52.0,70.4,142.6,192.6,194.2,250.6,284.4,466.2,2
149830,9,4.1,4.7,4.9,6.4,9.6,9.7,14.9,20.4,37.8,45.9,50.8,61.2,78.9,130.9,138.7,222.9,5
149832,11,3.0,3.7,6.6,6.9,9.8,14.1,20.3,23.0,38.0,50.9,77.7,149.2,172.8,202.4,264.4,455.6,9
149833,12,3.0,4.2,4.6,8.5,11.6,15.5,24.2,25.5,33.2,43.8,51.5,57.1,75.3,95.3,195.4,236.6,5
149834,1,2.6,3.3,5.0,11.9,15.8,17.4,21.6,28.1,40.1,50.8,100.7,129.1,158.8,338.2,414.4,513.2,1
149835,2,3.5,4.0,5.6,7.0,10.7,11.3,15.5,17.7,25.5,31.9,116.2,153.2,164.6,167.5,304.6,322.7,12
149836,3,2.0,4.0,6.3,8.7,14.8,20.2,28.7,63.2,85.9,93.7,98.0,233.2,272.5,280.1,332.6,418.5,16
149838,5,1.7,7.2,7.8,11.5,13.1,17.4,24.4,29.0,33.5,48.7,71.3,105.7,141.6,147.5,217.7,415.6,12
149839,6,3.5,4.1,7.7,8.5,8.9,9.5,20.6,23.2,23.9,37.7,38.5,39.8,50.7,58.6,106.9,146.1,2
149840,7,3.9,5.1,6.0,6.3,7.3,11.4,15.0,17.2,18.7,22.2,136.3,153.5,200.0,209.5,217.4,239.6,7
149841,8,4.1,4.2,4.3,8.6,14.4,14.8,15.9,17.6,20.0,36.7,43.8,49.6,56.6,62.6,79.4,255.7,2
149844,11,4.0,4.5,4.8,7.1,11.2,13.2,18.2,19.2,23.0,23.2,35.7,45.7,49.2,323.9,423.4,484.8,1
149845,12,1.9,6.6,7.9,10.1,12.8,13.4,18.6,31.7,36.9,38.0,42.6,66.4,125.1,128.9,378.5,409.8,1
149846,1,1.6,6.1,10.4,12.5,13.5,17.1,21.5,29.4,34.1,56.8,135.8,137.1,142.1,220.3,249.1,301.2,4
149848,3,2.2,3.9,8.6,11.3,16.4,18.6,20.2,24.7,26.0,31.6,55.5,73.7,94.1,167.9,267.4,434.8,2
149852,7,2.3,5.2,5.9,6.1,14.8,16.3,22.7,25.0,37.9,43.8,51.3,172.1,215.4,234.1,245.6,338.8,11
149853,8,3.6,4.0,6.7,7.2,8.2,14.0,15.6,18.6,28.7,34.6,46.0,80.5,91.4,125.2,177.0,182.6,1
149854,9,2.0,4.7,6.1,7.5,13.1,21.4,32.8,39.1,54.1,82.1,84.6,129.3,160.1,339.4,414.7,429.5,1
149855,10,3.6,4.2,4.5,6.2,9.2,10.0,15.4,49.4,50.8,59.4,86.3,167.5,188.9,306.9,382.6,388.1,6
149856,11,1.3,6.8,11.6,17.2,17.2,27.2,42.7,67.2,68.4,78.7,93.9,121.9,124.8,133.0,159.8,404.1,1
149857,12,2.6,3.0,12.2,12.2,13.8,15.3,22.2,22.8,33.3,36.5,39.9,47.0,48.8,79.0,146.7,195.9,1
149858,1,1.6,7.8,9.6,11.1,12.4,17.3,18.7,27.6,37.4,98.0,116.8,155.7,174.0,295.1,305.0,377.9,7
149859,2,2.9,3.4,4.8,8.6,11.0,16.3,20.3,36.1,83.5,103.8,105.4,107.2,146.2,179.4,297.0,354.9,2
149860,3,3.1,4.3,6.1,7.3,10.8,11.5,16.4,28.4,30.8,43.2,55.1,76.7,76.8,82.8,179.7,233.9,5
149863,6,1.6,4.9,15.1,15.1,16.1,16.1,20.1,42.0,74.9,76.8,81.8,88.7,108.8,302.5,330.7,365.3,1
149864,7,1.9,7.2,9.0,9.4,12.4,17.1,20.3,20.7,24.8,32.1,33.5,173.4,194.9,233.0,312.8,406.3,2
149866,9,2.2,5.2,6.9,8.1,9.7,18.4,19.9,32.9,34.8,49.0,61.6,63.9,78.1,147.1,326.0,377.2,3
149867,10,2.5,6.1,6.3,6.7,8.7,15.1,15.2,41.4,41.9,44.8,56.6,57.1,145.7,162.3,165.6,209.0,5
149869,12,1.9,5.1,7.7,10.2,13.3,23.3,29.1,31.7,38.6,41.3,51.4,79.4,132.6,165.4,186.3,377.8,3
149870,1,1.4,5.7,13.9,13.9,16.9,20.3,26.7,32.1,85.1,156.0,195.1,265.3,351.8,391.2,439.3,482.8,1
149877,8,3.1,4.3,5.7,6.5,8.2,11.8,19.4,22.4,42.9,78.1,132.6,135.6,138.2,141.0,162.8,226.8,5
149878,9,2.5,4.1,6.4,8.9,12.7,14.8,15.5,21.8,31.2,48.5,90.3,111.0,131.6,149.4,294.7,398.7,9
149879,10,2.6,3.7,5.0,7.9,10.3,27.4,31.6,36.8,41.9,56.2,114.1,128.7,138.6,189.2,240.2,496.4,3
149882,1,2.1,5.6,8.3,8.5,11.5,12.9,14.7,27.5,28.1,50.1,80.3,107.4,154.4,175.7,178.8,319.2,1
149884,3,5.1,5.3,6.5,7.9,8.1,9.3,10.7,11.6,17.8,17.9,27.0,89.8,97.8,138.6,188.7,511.3,4
149892,11,0.0,3.0,3.5,5.5,7.0,17.8,19.4,21.7,25.6,44.5,44.6,44.7,71.4,76.3,77.7,87.1,0
149893,12,1.7,7.7,9.1,9.7,14.2,21.4,23.5,24.6,25.1,57.5,67.9,87.6,166.5,177.0,187.2,241.3,1
149894,1,1.5,4.2,12.1,16.5,17.0,24.3,28.7,75.9,101.3,112.5,182.2,202.1,226.6,240.5,483.1,543.5,3
149895,2,3.8,4.1,6.9,7.4,8.4,9.0,13.2,16.4,23.9,36.9,95.7,142.0,160.1,172.3,274.5,277.6,1
149896,3,3.6,4.6,5.5,5.6,12.9,14.6,15.6,20.9,23.7,25.7,27.9,81.7,215.5,272.0,361.6,437.0,2
149899,6,1.8,4.7,7.6,14.3,18.2,19.6,25.8,36.8,44.6,45.6,50.2,112.5,120.0,149.4,159.5,208.0,7
149901,8,1.9,5.9,8.0,11.6,12.0,18.8,21.9,23.9,46.9,52.1,55.5,63.8,67.1,117.9,150.9,276.3,8
149902,9,2.4,4.2,6.1,9.9,13.8,19.3,19.8,25.2,33.0,34.1,67.4,73.5,100.3,110.9,216.1,278.3,2
149904,11,3.1,4.2,7.2,8.2,9.8,11.2,11.2,21.5,22.1,59.5,68.2,68.9,100.9,179.4,198.6,246.3,6
149906,1,3.5,3.6,4.8,7.7,7.9,10.2,23.5,37.7,38.3,101.3,149.7,151.0,210.4,240.5,292.6,354.2,1
149908,3,1.6,4.8,10.1,11.9,20.4,28.4,28.9,31.0,34.6,51.4,61.9,106.4,150.0,265.9,561.1,622.9,2
149910,5,3.6,4.8,4.9,4.9,8.8,16.1,28.0,28.2,30.0,43.5,66.9,79.8,85.8,111.8,132.0,235.6,9
149913,8,1.4,6.6,12.5,17.5,17.9,18.4,20.2,33.6,38.7,49.0,171.4,238.5,246.0,297.3,314.1,566.5,1
149915,10,4.2,4.2,6.4,6.7,8.8,12.5,13.2,17.6,21.1,28.3,49.5,69.4,85.0,105.9,125.6,147.6,1
149916,11,4.5,4.8,4.9,7.0,7.6,13.4,15.4,16.0,16.4,50.2,55.3,59.4,87.4,94.8,120.6,229.8,1
149918,1,2.9,4.3,5.8,6.5,13.4,17.2,19.9,20.3,28.5,33.1,33.3,106.1,151.7,265.3,310.9,558.9,3
149919,2,2.6,3.9,5.9,7.1,8.1,18.3,30.6,46.0,56.9,65.3,107.9,216.2,233.3,246.9,320.4,421.1,1
149920,3,2.1,6.5,7.3,7.4,9.2,12.0,19.5,29.8,49.5,54.3,78.1,111.5,140.4,251.5,266.3,325.2,3
149922,5,2.9,5.1,7.5,9.0,10.1,11.3,16.4,19.9,27.5,30.6,31.8,32.2,60.6,100.9,109.8,328.5,15
149925,8,2.0,4.9,5.4,9.9,14.2,26.5,34.9,39.3,41.3,64.5,83.3,104.3,112.8,143.0,144.3,178.9,2
149927,10,3.4,4.3,5.4,5.9,13.4,17.9,26.1,26.1,29.1,36.2,36.9,45.0,51.1,58.6,82.4,123.1,1
149928,11,2.8,3.9,5.5,8.7,12.1,15.2,17.3,21.7,29.6,49.2,91.4,96.0,164.5,180.4,181.0,222.7,4
149930,1,2.5,6.6,6.8,6.8,11.1,12.0,12.3,16.2,27.7,58.8,65.6,179.6,208.8,273.1,341.4,346.5,1
149931,2,3.5,3.8,4.7,7.2,10.8,11.0,25.1,30.6,32.4,35.8,83.5,120.3,127.3,217.8,279.5,292.9,1
149934,5,2.4,4.4,6.8,8.7,12.1,14.6,17.3,19.0,49.3,59.2,67.5,69.1,140.8,142.1,275.2,312.3,8
149935,6,1.7,5.4,10.6,11.6,13.6,14.6,26.7,28.9,46.8,52.3,73.8,76.0,163.3,163.3,181.7,421.5,2
149936,7,3.0,5.0,7.3,8.3,8.7,10.4,16.0,18.8,21.6,23.9,72.3,75.8,140.4,174.1,199.9,205.2,7
149937,8,1.2,11.5,16.7,16.8,22.8,24.9,28.5,43.4,46.8,65.4,104.0,119.5,124.1,157.0,174.9,549.0,1
149938,9,2.8,3.8,4.9,6.4,16.1,23.1,34.8,40.1,45.2,48.8,51.3,54.1,71.0,79.0,140.5,310.5,2
149939,10,2.5,4.0,5.3,8.8,10.1,35.9,38.9,43.6,46.8,52.5,56.0,56.6,60.4,66.2,105.4,130.8,11
149940,11,3.1,3.4,6.6,9.1,10.2,16.0,17.3,30.2,33.5,38.2,48.0,53.3,56.5,137.3,179.9,479.1,13
149942,1,3.6,3.8,6.6,7.2,9.7,10.9,10.9,27.6,33.6,51.8,63.9,84.0,104.5,143.5,246.2,289.9,1
149943,2,2.3,4.5,5.2,11.1,13.5,18.7,22.0,22.9,25.8,35.4,100.0,128.6,230.4,241.1,282.5,489.0,1
149944,3,2.0,3.9,12.2,12.8,16.5,19.5,20.3,21.3,25.1,29.2,51.0,104.2,145.4,218.2,311.6,326.4,7
149946,5,3.9,6.3,7.2,7.3,8.1,8.6,10.5,12.4,21.4,36.2,41.5,45.8,93.1,95.6,104.5,216.3,6
149947,6,2.4,2.8,8.7,13.2,16.8,25.7,28.9,35.2,37.9,42.6,46.6,47.1,55.2,87.2,107.9,358.7,2
149949,8,3.9,6.3,6.8,6.9,10.0,13.3,16.6,17.0,18.9,27.8,28.3,29.0,30.4,30.7,38.4,141.9,15
149950,9,2.8,4.0,6.6,7.2,11.9,18.3,20.3,27.6,34.4,39.4,44.7,47.6,62.0,130.6,187.4,250.3,1
149951,10,1.6,4.4,14.4,16.1,24.8,28.1,33.8,37.4,40.9,47.5,51.2,63.7,63.8,81.1,110.2,113.7,1
149953,1,2.0,3.3,9.2,15.2,15.7,27.8,28.8,31.4,38.6,52.3,78.6,87.4,95.6,143.3,178.0,225.6,2
149954,2,2.5,3.1,6.6,11.3,16.6,20.2,27.9,31.5,33.5,33.7,53.8,111.9,161.6,232.2,333.6,419.5,10
149955,3,3.1,4.9,7.7,8.5,11.0,11.8,12.0,17.9,18.6,18.8,29.6,83.2,131.1,148.4,212.6,413.5,11
149958,6,2.4,5.7,6.1,7.9,10.9,13.7,18.1,30.9,31.8,36.8,59.3,81.3,159.0,161.3,165.2,180.3,3
149960,8,2.7,5.5,6.5,8.3,10.1,11.7,14.1,17.0,32.1,40.1,43.7,70.6,104.2,122.2,173.8,286.4,1
149961,9,3.5,3.8,4.9,11.7,12.7,12.8,13.3,17.6,29.8,35.6,67.2,71.6,77.0,87.8,106.9,273.9,4
149963,11,3.3,3.5,6.6,11.4,13.6,16.2,16.6,20.8,23.1,26.7,30.6,55.8,68.7,69.2,81.0,120.2,2
149964,12,1.7,5.0,12.8,13.0,22.1,23.9,24.2,28.3,35.6,37.3,39.1,62.4,91.1,109.0,114.2,353.5,1
149965,1,2.8,3.8,5.1,7.3,17.6,21.3,24.3,27.5,29.1,29.4,65.2,76.0,111.7,219.7,299.5,326.1,2
149966,2,2.3,4.5,4.7,10.4,13.8,14.8,25.4,31.6,40.6,59.7,92.0,99.3,135.2,155.9,332.4,365.6,3
149970,6,2.5,5.3,6.3,7.1,10.1,10.7,13.2,44.6,52.0,58.4,95.7,127.8,156.1,176.2,197.0,207.3,2
149971,7,2.8,5.8,6.3,9.2,10.6,12.6,16.3,16.4,21.9,33.7,40.3,40.7,75.1,78.9,84.2,106.5,1
149973,9,3.7,4.9,5.1,6.9,7.3,9.1,25.3,26.1,33.0,39.9,41.8,77.9,92.3,213.3,221.8,302.5,2
149977,1,1.4,8.2,10.8,11.9,13.9,25.9,32.9,37.8,40.8,116.2,180.5,208.7,233.8,245.0,267.8,524.3,1
149978,2,2.5,5.0,7.0,8.1,11.4,14.5,17.4,21.9,26.6,36.1,37.7,44.6,111.7,245.0,279.9,361.2,7
149979,3,3.1,4.2,5.5,6.2,7.7,18.9,19.8,22.6,40.8,68.7,115.6,117.8,226.0,235.2,285.3,334.2,1
149980,4,3.0,4.8,7.1,8.2,12.4,13.2,14.3,14.4,21.7,24.1,38.1,62.0,94.8,191.9,255.0,358.5,6
149983,7,3.3,4.8,5.4,5.8,10.9,13.7,16.1,20.9,35.5,40.6,51.5,57.9,110.0,115.3,216.6,261.7,1
149985,9,3.5,3.7,4.0,13.2,14.1,17.8,19.9,28.8,33.6,35.9,42.3,43.7,44.3,50.2,82.9,214.4,3
149987,11,2.8,4.9,6.1,6.6,11.6,13.5,19.7,19.7,32.8,41.4,42.9,82.8,88.1,90.9,104.4,302.1,4
149988,12,3.1,4.5,5.3,7.6,10.6,11.2,12.4,22.6,36.1,68.2,81.1,108.5,119.6,243.6,284.7,356.4,7
149989,1,3.5,3.9,6.6,6.6,6.7,12.6,13.1,30.1,51.9,61.8,89.9,146.3,169.1,198.3,209.6,234.8,2
149990,2,1.4,9.8,11.7,18.9,23.1,25.1,26.4,28.6,31.1,33.4,34.7,48.9,80.0,153.2,347.4,557.1,4
149993,5,5.1,5.3,7.1,7.9,8.1,8.7,9.1,9.2,16.4,32.7,38.4,87.0,137.7,162.8,184.3,187.4,1
149995,7,2.5,4.9,6.8,7.9,12.6,14.5,15.0,15.3,38.9,51.5,69.9,77.7,101.5,141.0,151.3,171.3,5
150001,1,1.3,7.0,11.2,12.7,24.8,31.2,42.1,52.6,59.9,86.4,99.9,111.5,290.5,334.9,370.9,428.5,8
150004,4,3.6,5.4,5.5,7.8,8.1,9.2,9.3,16.8,51.9,55.4,73.8,79.6,153.3,158.5,166.0,187.1,1
150013,1,2.3,3.6,7.6,9.6,11.9,12.4,36.2,42.2,44.4,53.3,77.0,89.2,108.6,174.6,320.5,355.8,8
150014,2,0.0,3.1,3.2,4.2,10.4,10.9,13.6,37.7,40.5,46.1,66.3,150.3,153.9,169.3,268.4,375.1,0
150025,1,1.9,3.4,8.0,14.3,15.0,19.1,32.3,33.5,39.6,103.5,149.7,173.6,217.1,241.9,243.6,419.3,1
150029,5,1.9,4.6,8.4,8.9,14.5,28.9,36.1,38.6,40.5,41.5,55.7,65.7,89.3,92.5,162.6,427.6,1
150032,8,4.1,4.2,5.6,9.0,10.4,10.8,12.6,16.1,25.9,30.4,40.0,48.0,83.2,83.5,93.5,113.1,1
150037,1,1.5,6.0,10.3,14.1,14.8,17.2,23.4,41.8,55.7,70.8,209.1,245.1,256.3,308.5,326.4,339.5,1
150039,3,3.2,5.2,6.3,9.0,12.7,12.9,14.2,14.5,16.1,21.7,23.4,101.1,116.0,140.1,214.6,382.2,2
150044,8,4.1,4.4,4.6,9.3,10.2,10.9,11.9,28.3,28.9,35.5,46.8,49.2,71.5,76.3,86.8,90.0,2
150050,2,1.7,4.7,5.9,15.8,17.6,27.1,38.8,46.7,71.9,77.7,109.5,133.4,160.8,167.0,229.2,437.3,3
150051,3,2.9,5.1,6.2,6.2,8.0,20.4,22.0,23.3,23.7,36.1,38.5,53.9,135.9,195.2,244.0,330.6,1
150054,6,2.9,3.8,6.4,8.3,10.0,14.6,28.7,32.7,36.3,38.1,43.6,46.7,56.8,76.5,225.5,235.4,1
150057,9,3.9,4.0,4.2,7.3,8.0,16.5,21.3,34.4,38.5,40.9,62.3,95.8,102.7,116.2,116.6,280.2,4
150061,1,1.6,6.2,11.9,12.3,17.5,19.3,28.1,28.9,30.8,37.6,50.4,52.0,75.1,85.7,244.7,281.1,3
150062,2,1.8,4.8,12.7,12.8,14.2,15.3,19.4,22.1,28.7,33.5,48.2,174.1,180.0,185.0,186.7,195.8,1
150063,3,4.6,4.7,5.8,6.1,7.9,12.5,14.1,14.4,14.9,43.5,53.7,80.5,89.7,185.2,193.8,288.9,1
150067,7,2.1,4.3,6.9,10.1,16.5,17.5,22.4,25.2,43.8,54.6,59.6,87.6,116.8,136.3,232.2,624.7,1
150070,10,4.8,5.5,7.8,8.8,9.0,9.3,9.3,11.2,14.9,20.9,24.7,46.4,72.5,112.5,115.2,194.8,1
150072,12,2.7,4.3,6.3,7.0,13.4,18.0,27.6,28.1,31.9,32.0,36.5,39.7,70.5,88.4,230.3,315.7,1
150074,2,2.1,4.1,7.5,13.2,18.6,19.6,20.3,21.1,21.9,38.1,45.9,129.8,234.8,235.8,303.0,356.3,4
150077,5,2.7,3.9,5.9,14.0,14.0,14.0,14.3,14.4,39.9,41.8,53.9,74.9,99.3,155.4,187.4,205.3,8
150081,9,4.8,5.4,5.8,8.1,8.5,11.8,13.3,14.5,14.5,15.0,30.1,63.8,63.9,79.0,184.8,204.3,10
150083,11,3.0,7.3,7.4,7.4,10.2,12.0,14.3,15.7,16.7,25.2,29.9,47.7,55.8,57.1,107.9,171.8,3
150085,1,2.0,4.1,6.1,8.1,17.4,22.6,25.0,54.9,58.0,74.6,81.3,167.1,168.7,203.9,264.8,346.5,1
150086,2,2.7,2.7,7.5,10.4,17.0,22.4,23.2,23.8,26.8,50.4,91.0,193.8,257.3,268.3,322.1,566.7,9
150087,3,3.8,4.2,5.0,7.5,10.8,13.2,21.3,25.1,25.4,36.0,37.4,37.5,45.7,58.4,141.0,152.4,5
150092,8,3.8,4.1,7.5,7.6,8.2,8.9,14.7,16.3,18.5,49.0,70.0,86.0,157.0,222.1,244.6,247.7,1
150093,9,2.6,5.6,5.8,8.9,10.4,12.3,12.6,20.2,39.0,48.3,49.7,52.9,68.0,251.5,298.6,439.9,1
150095,11,4.0,4.4,5.3,10.1,11.3,12.9,15.4,17.3,23.1,23.7,27.4,33.8,35.2,70.5,78.8,194.3,8
150097,1,3.4,4.3,5.5,9.3,9.3,9.4,13.5,19.3,25.2,76.1,81.2,81.5,89.5,105.1,277.3,298.1,2
150098,2,1.8,4.6,9.3,11.8,14.1,16.6,21.7,31.4,42.8,91.8,147.9,158.1,165.3,181.8,356.5,658.1,3
150099,3,3.4,4.4,5.8,8.3,11.9,12.1,12.7,15.4,16.1,38.5,83.0,110.1,130.7,152.9,244.4,293.3,2
150101,5,3.7,4.3,6.5,7.5,8.1,8.6,13.8,16.3,38.5,58.7,65.0,102.2,123.0,136.2,139.6,279.1,4
150103,7,4.0,4.0,4.6,7.5,8.9,14.0,17.0,20.3,36.9,41.3,51.6,65.0,72.2,122.1,138.1,185.6,2
150104,8,2.7,5.4,6.7,12.2,13.2,15.1,15.2,15.9,17.2,19.9,29.1,42.2,56.0,148.9,173.6,221.7,1
150108,12,2.6,3.7,8.5,9.6,12.8,15.3,15.7,17.5,33.0,36.0,40.3,54.5,148.3,225.2,243.9,401.3,2
150111,3,2.9,3.9,5.9,7.6,9.2,14.2,18.8,34.8,40.8,47.1,81.1,88.7,134.0,147.7,311.0,566.6,3
150120,12,3.0,3.9,7.2,7.7,8.2,13.3,14.7,32.9,34.6,54.9,61.1,81.3,82.1,97.8,275.0,276.0,8
150123,3,1.5,5.7,7.9,11.2,18.7,25.0,30.0,51.4,101.6,145.9,157.7,192.1,197.6,352.6,442.5,586.0,2
150127,7,2.8,4.0,5.0,7.7,9.3,22.0,31.3,34.9,43.4,44.0,52.9,61.1,146.9,169.4,213.4,305.3,8
150128,8,2.3,3.3,8.1,10.8,11.2,17.2,28.9,32.5,33.4,48.0,103.8,135.7,149.8,297.7,339.1,431.9,4
150130,10,2.9,4.3,6.1,7.2,9.3,11.5,14.1,29.1,35.5,82.8,110.9,112.5,217.8,237.6,314.9,332.7,2
150132,12,2.3,6.0,6.5,7.0,8.5,9.7,20.1,39.9,40.2,52.3,183.3,224.1,302.7,306.3,498.1,531.3,1
150134,2,1.8,3.7,9.4,10.1,15.9,23.8,44.3,49.0,60.2,78.9,97.6,147.9,153.4,223.7,245.8,284.9,1
150141,9,2.9,4.7,5.0,5.9,9.3,15.1,18.0,23.1,57.3,81.9,112.8,119.1,237.2,274.8,369.5,372.9,6
150142,10,1.7,6.0,7.1,9.3,13.2,23.3,33.2,36.8,49.5,107.5,109.9,112.1,149.1,260.5,335.1,621.7,1
150144,12,2.7,4.2,5.1,8.2,10.0,14.0,25.4,32.2,34.9,39.5,87.6,99.1,113.0,237.8,375.0,528.6,3
150147,3,2.6,3.9,6.4,7.9,9.0,13.7,25.8,35.1,36.8,38.2,76.0,164.5,220.2,297.1,503.0,598.0,1
150150,6,2.7,3.9,4.7,5.4,11.9,20.5,37.7,46.1,99.0,110.1,224.1,269.7,332.0,359.0,376.7,455.9,4
150152,8,2.5,3.0,8.1,9.6,11.5,12.4,22.6,52.1,69.2,79.8,90.0,99.7,158.8,162.8,183.7,209.4,1
150154,10,3.1,4.8,6.7,7.9,8.9,12.1,14.0,18.4,26.0,34.5,70.4,74.2,79.9,102.8,104.1,145.1,4
150155,11,5.9,5.9,6.3,7.0,7.8,8.7,8.9,10.6,23.0,23.6,34.3,50.7,64.6,69.5,217.7,251.0,2
150158,2,3.5,3.6,5.1,5.1,17.5,20.0,23.5,27.3,29.0,30.0,74.3,79.1,151.0,219.1,338.6,654.4,2
150159,3,2.3,4.1,9.7,11.4,11.5,15.3,16.0,17.5,20.7,60.1,101.8,120.3,143.3,184.3,233.1,402.6,5
150163,7,2.0,4.2,7.9,9.0,17.0,18.0,30.4,31.2,32.6,33.1,62.8,133.7,166.4,329.7,415.4,492.7,7
150166,10,2.3,6.9,6.9,8.6,9.5,16.6,17.5,18.5,19.8,24.9,70.0,165.4,175.8,187.3,203.5,510.5,1
150169,1,2.4,5.3,7.2,7.3,9.4,10.0,17.6,20.1,40.2,73.2,112.7,121.8,357.9,408.3,491.6,560.9,7
150170,2,1.3,5.7,11.8,17.9,23.7,33.9,37.1,45.2,81.5,104.6,175.8,183.5,244.6,259.9,293.7,331.0,2
150171,3,0.0,1.8,5.9,5.9,12.7,13.1,17.2,29.6,31.5,32.2,42.1,171.9,189.5,377.0,544.7,550.2,0
150174,6,2.2,4.0,6.6,11.6,12.0,17.8,22.2,25.4,49.4,59.3,93.6,110.4,139.6,148.6,196.7,317.0,2
150179,11,3.0,4.3,7.6,7.7,9.1,10.5,14.7,25.3,32.8,40.3,50.2,84.8,89.1,130.8,184.2,347.2,4
150180,12,2.0,4.3,6.8,14.0,14.3,14.9,21.1,26.5,61.1,72.4,94.9,109.9,211.4,213.3,327.6,508.6,3
150182,2,2.4,4.3,5.3,6.6,12.5,18.2,46.2,47.3,56.6,68.1,74.1,84.3,106.9,163.5,287.8,515.6,1
150183,3,3.0,5.0,5.0,5.6,11.5,14.0,17.1,20.1,33.7,34.2,139.3,140.9,270.9,311.5,630.5,688.3,3
150185,5,2.3,2.6,4.6,23.1,25.5,27.4,40.4,60.7,69.3,88.1,99.6,101.2,125.6,169.2,258.5,289.7,3
150186,6,2.3,3.9,8.5,10.8,11.0,16.3,17.4,22.6,23.2,38.1,77.1,140.1,176.6,317.5,360.2,595.1,2
150187,7,2.9,3.5,6.0,9.7,10.7,10.8,18.9,29.4,36.2,54.8,92.5,137.7,152.9,247.6,285.6,385.5,4
150188,8,2.4,3.6,5.5,14.1,19.6,19.7,19.9,21.0,28.4,42.6,48.4,58.2,204.6,211.8,224.0,357.3,2
150191,11,3.5,4.6,5.7,7.9,12.1,15.3,16.2,19.0,20.8,23.3,23.8,45.5,58.5,76.7,225.5,382.7,6
150193,1,1.7,3.4,8.4,14.8,20.1,33.3,41.1,50.4,77.6,100.7,108.1,130.9,171.4,187.2,233.7,259.4,2
150194,2,3.0,3.0,6.2,9.6,9.9,18.5,30.4,34.0,35.1,39.6,52.9,58.1,107.6,363.7,365.3,500.2,6
150198,6,1.8,5.7,7.9,10.3,12.5,19.3,24.7,33.1,42.4,56.9,66.2,97.6,125.9,211.3,304.6,472.5,9
150200,8,3.0,4.7,7.5,7.6,8.3,10.9,11.3,27.2,37.0,51.7,56.9,57.9,70.4,99.3,262.6,422.7,2
150202,10,3.3,4.3,6.2,7.6,10.2,14.2,18.1,22.1,23.8,31.4,33.4,52.3,63.7,66.6,138.9,366.6,1
150203,11,4.1,4.1,6.1,9.1,11.9,12.0,13.0,21.4,21.8,22.2,35.0,36.5,45.8,56.1,90.3,151.1,4
150204,12,3.1,3.1,6.5,7.7,11.9,14.5,16.9,41.6,47.2,49.4,71.4,105.4,125.0,144.6,200.9,301.8,6
150206,2,2.9,6.1,6.7,6.7,8.2,13.1,13.8,19.5,30.1,35.8,49.8,60.0,68.6,98.9,283.4,401.1,1
150207,3,1.9,5.3,9.6,11.3,15.3,17.5,18.7,24.4,31.4,35.8,41.3,43.9,145.0,250.0,401.3,506.0,4
150210,6,3.3,4.2,5.5,6.9,12.0,12.3,15.3,22.2,28.3,50.7,56.3,64.5,82.5,132.9,198.4,209.4,4
150211,7,3.1,4.3,5.4,7.9,8.3,14.7,19.8,23.5,41.2,43.8,62.2,82.1,92.8,108.1,133.1,142.7,6
150213,9,1.4,7.4,13.9,17.3,17.8,20.7,28.8,31.5,35.6,54.7,61.0,66.4,99.1,182.4,295.4,341.4,6
150214,10,4.2,4.3,5.0,6.6,9.4,10.7,20.9,21.5,40.9,43.4,43.4,47.8,50.3,50.9,136.5,186.7,2
150217,1,3.8,5.3,5.4,7.0,10.3,10.5,13.3,15.5,15.5,29.6,45.3,85.0,153.2,201.5,223.5,294.9,2
150218,2,4.9,5.3,5.3,6.0,7.3,10.3,11.7,11.8,39.8,52.9,58.2,74.3,81.7,101.7,160.0,272.0,8
150219,3,2.4,3.7,6.2,9.4,12.7,16.4,19.1,20.6,65.8,81.5,143.2,145.9,170.0,170.3,170.6,298.7,1
150220,4,3.7,5.7,5.9,6.0,6.7,11.2,11.6,15.8,30.8,88.2,110.3,122.3,124.4,137.2,146.2,146.7,1
150222,6,2.5,4.0,6.9,10.1,13.5,15.4,16.4,20.7,25.1,28.6,64.8,100.2,215.0,224.7,260.7,337.8,10
150224,8,2.6,5.0,6.0,9.3,13.1,13.4,14.7,18.4,24.6,25.0,73.6,139.8,149.6,181.1,207.2,352.0,1
150225,9,3.5,4.0,4.2,7.6,8.3,18.8,23.1,24.3,29.0,36.2,85.1,127.8,220.4,256.4,417.3,458.8,6
150229,1,3.5,4.2,4.4,5.8,9.6,11.3,23.9,38.2,49.9,87.2,115.3,120.3,148.3,199.4,237.8,295.6,2
150231,3,1.8,6.4,7.3,12.2,12.5,17.3,24.7,27.8,29.7,65.5,72.2,81.3,87.8,175.9,287.8,336.8,1
150237,9,4.6,4.7,8.1,8.7,11.8,13.5,15.1,15.7,17.2,17.8,18.5,21.2,29.3,42.6,43.5,109.7,10
150240,12,2.7,4.9,5.7,8.1,8.8,10.4,17.1,46.5,52.9,56.7,56.9,68.7,71.5,294.2,330.2,350.6,1
150241,1,1.6,4.4,10.1,10.7,12.1,20.7,41.4,58.5,82.6,111.6,126.1,220.3,262.1,359.8,431.8,471.2,1
150242,2,2.1,5.5,6.4,8.7,9.4,18.6,20.9,33.7,35.4,58.7,98.5,125.6,189.4,235.3,354.9,383.4,1
150244,4,0.0,4.0,4.0,6.4,6.7,10.7,12.2,13.5,21.4,21.6,28.0,53.8,56.3,57.8,103.8,108.6,0
150246,6,1.4,7.2,9.8,10.5,32.5,36.2,39.4,50.9,61.6,78.7,91.0,134.6,138.1,177.0,222.5,444.4,1
150253,1,2.5,2.5,7.0,9.0,15.3,21.1,41.4,64.2,82.0,121.5,159.6,256.6,290.8,315.5,340.5,420.2,1
150254,2,3.3,3.8,5.6,6.0,8.2,12.5,18.8,29.2,79.7,81.0,103.4,109.9,253.2,276.1,276.1,282.8,2
150255,3,1.7,5.0,7.3,13.6,14.8,24.3,31.9,38.3,66.1,77.0,83.8,87.6,103.8,232.6,268.8,398.6,1
150258,6,2.5,5.8,6.0,6.6,9.4,12.9,20.3,21.6,27.1,93.2,129.6,132.7,165.1,180.6,206.6,394.4,3
150259,7,1.5,6.2,12.4,17.9,18.5,27.3,27.9,28.7,34.5,40.7,58.1,66.7,76.4,86.2,201.9,328.2,3
150261,9,1.7,5.1,10.1,11.7,12.9,19.2,23.7,29.4,59.7,72.7,98.8,111.0,115.1,140.0,182.3,262.6,12
150265,1,2.6,5.6,5.7,6.9,13.0,13.6,14.1,19.5,27.8,47.7,84.6,109.6,132.8,136.5,139.0,172.7,3
150266,2,2.8,4.2,7.3,7.4,10.4,12.6,25.2,26.5,27.3,33.3,55.9,66.4,88.4,95.4,113.6,179.0,2
150267,3,2.2,4.4,6.5,10.9,14.0,14.6,23.0,27.7,36.1,45.8,61.0,96.8,108.6,134.6,155.9,213.9,2
150268,4,0.0,2.6,3.8,7.8,8.0,9.3,10.4,16.9,32.4,50.1,80.3,98.2,176.9,182.8,219.0,282.6,0
150270,6,2.2,3.4,8.9,13.1,13.4,25.6,25.9,28.4,37.2,37.4,40.1,50.4,97.2,120.8,160.5,230.1,13
150272,8,3.4,5.1,5.3,6.4,9.1,13.7,14.8,19.4,24.5,29.6,61.7,131.6,149.8,173.4,173.6,185.6,1
150276,12,1.6,5.8,8.7,13.4,13.4,14.1,35.3,47.4,63.9,69.2,87.1,229.4,256.7,265.5,305.0,441.8,1
150277,1,2.9,4.8,6.6,6.8,11.9,12.2,12.6,16.1,42.0,42.5,44.5,120.3,179.8,224.4,228.4,359.8,4
150278,2,0.0,4.2,4.2,4.6,6.0,10.3,11.1,18.4,24.5,36.2,41.6,48.3,68.7,72.6,93.7,292.9,0
150280,4,2.7,3.8,7.1,9.1,12.8,17.8,18.0,19.0,22.0,46.1,64.5,65.5,72.1,95.7,211.0,241.3,2
150281,5,2.3,4.0,7.5,9.4,17.5,19.2,23.3,25.4,29.4,34.5,48.6,54.1,92.2,134.3,189.1,394.0,8
150283,7,2.6,3.7,9.1,11.7,13.2,14.3,22.6,22.7,26.2,30.2,32.0,42.9,58.9,82.8,179.0,236.6,11
150284,8,2.4,4.0,4.6,10.9,12.9,13.8,27.3,41.7,63.7,80.4,87.3,97.6,99.9,115.4,255.6,309.1,1
150286,10,2.9,3.5,8.4,9.0,12.3,15.1,15.4,22.8,30.4,37.3,43.8,62.0,63.6,106.2,124.5,173.8,3
150287,11,3.6,3.6,8.7,9.3,9.8,13.3,13.3,18.3,26.6,28.6,33.5,37.9,44.0,67.2,179.6,241.3,1
150288,12,2.9,5.6,5.7,7.8,8.4,14.8,20.3,24.1,25.1,29.0,35.3,43.5,111.9,167.1,215.7,333.1,1
150289,1,2.0,5.1,8.5,11.9,12.4,12.8,26.1,27.5,29.4,35.1,51.8,54.0,83.4,159.8,214.3,226.6,5
150290,2,2.4,4.5,5.0,9.1,19.0,19.2,22.8,24.2,25.2,55.6,77.4,86.1,100.9,103.8,134.6,138.6,4
150294,6,2.9,3.7,5.3,8.1,14.3,18.0,24.4,28.1,30.6,38.9,39.3,66.5,84.3,144.8,213.9,282.3,3
150295,7,1.9,4.6,10.5,10.6,13.5,15.9,31.6,32.8,33.6,40.1,76.1,76.7,102.0,121.1,153.7,239.2,1
150297,9,2.6,3.5,5.1,11.4,16.1,16.1,23.7,40.9,43.5,43.8,50.9,57.8,60.7,204.9,270.0,343.4,4
150299,11,3.5,4.5,5.0,9.4,9.4,14.2,16.7,17.0,18.0,23.9,93.6,102.9,107.7,120.5,174.5,334.5,1
150300,12,3.4,5.4,5.8,8.5,9.3,11.0,15.4,18.3,18.6,27.0,28.1,77.6,100.7,138.2,190.0,191.5,3
150301,1,1.9,3.9,10.6,11.5,12.2,13.1,33.2,35.9,42.2,46.8,104.6,160.4,243.7,299.4,330.5,418.2,8
150302,2,2.9,3.9,4.9,5.8,7.1,27.4,36.1,79.7,90.9,92.4,95.2,138.0,157.1,178.3,310.8,609.8,1
150303,3,3.3,4.8,5.6,5.7,6.9,14.1,20.5,30.1,30.6,40.7,92.8,109.6,120.0,287.5,295.5,348.5,8
150305,5,3.8,4.0,4.3,9.1,9.4,12.3,14.9,32.0,32.2,42.8,52.1,56.9,93.2,239.2,285.7,315.2,3
150306,6,2.4,4.9,7.8,8.7,10.4,11.2,22.3,26.0,28.3,30.5,61.5,82.0,113.1,115.9,124.6,198.5,5
150307,7,3.9,5.3,5.4,7.7,8.7,9.4,13.5,23.7,30.7,36.1,36.5,36.6,54.3,90.7,98.3,232.9,1
150308,8,2.6,3.5,6.5,10.8,13.5,17.1,18.6,26.1,28.0,35.5,64.9,103.5,176.7,187.5,272.5,349.6,4
150309,9,1.6,5.5,8.2,12.8,30.0,33.0,33.3,36.7,38.6,41.7,74.6,75.2,75.6,117.5,128.9,131.8,1
150310,10,2.2,6.5,8.6,10.6,12.3,13.6,16.1,16.2,17.7,32.9,42.0,45.4,62.1,131.3,195.3,299.7,3
150311,11,2.6,3.9,4.9,9.5,9.6,14.5,27.3,44.4,61.8,61.8,61.9,132.7,194.7,294.1,327.0,337.4,4
150312,12,0.0,1.9,6.4,7.2,10.3,11.9,17.8,23.3,30.7,41.6,53.6,56.9,61.7,76.9,107.6,266.1,0
150313,1,2.1,5.2,6.3,8.8,11.2,15.2,25.6,28.7,32.1,46.4,81.6,93.2,240.8,255.3,307.1,434.1,5
150314,2,1.9,5.0,7.4,8.8,16.4,16.9,18.6,43.8,47.4,53.8,62.7,77.2,123.3,146.8,176.2,276.0,2
150315,3,2.3,4.3,4.9,11.7,16.0,23.7,24.7,28.8,30.9,46.9,64.7,67.4,80.5,211.1,214.9,280.0,16
150316,4,2.9,4.6,5.5,11.6,11.9,18.3,20.5,20.6,21.1,22.5,23.9,43.1,86.2,98.1,155.0,251.2,6
150317,5,1.6,6.8,12.3,12.8,13.7,18.1,22.9,26.6,26.6,40.8,53.3,64.3,133.2,231.4,249.3,275.0,1
150318,6,2.7,3.9,4.2,13.1,14.0,19.0,21.2,23.1,25.2,40.8,112.3,115.3,172.6,253.5,310.2,341.0,1
150319,7,1.5,8.4,9.2,10.8,24.6,34.6,35.2,40.8,44.3,45.4,52.7,60.5,77.4,89.0,95.2,230.5,2
150320,8,2.3,3.9,6.7,8.1,15.8,17.8,24.3,24.8,32.5,49.2,74.0,115.6,117.8,162.7,228.5,583.0,1
150321,9,1.4,6.4,8.1,12.6,16.3,34.1,59.9,60.5,74.6,81.5,85.9,117.0,187.9,258.0,379.1,481.8,1
150322,10,4.3,4.5,4.6,5.5,8.8,11.5,22.6,33.5,41.1,49.8,52.7,57.2,59.6,60.7,136.4,171.6,1
150323,11,4.0,4.1,7.4,9.0,11.4,13.6,14.1,14.5,19.1,22.8,26.7,33.1,42.1,57.7,206.4,269.3,10
150326,2,2.2,2.6,10.9,12.4,16.4,18.2,27.0,48.1,83.9,89.1,89.8,104.7,249.4,283.6,474.1,511.3,3
150329,5,3.0,3.7,4.9,8.3,15.6,17.0,17.4,19.8,31.1,46.2,73.7,103.5,111.4,151.2,152.8,186.2,13
150330,6,2.0,6.6,12.3,13.2,13.3,16.3,16.6,26.5,27.4,29.5,29.7,39.8,42.7,49.7,62.1,71.5,8
150331,7,2.8,4.4,5.4,7.0,8.9,21.1,29.5,33.6,37.4,41.3,42.4,76.3,95.9,110.8,124.7,151.1,1
150334,10,2.7,2.9,12.4,12.7,14.7,15.7,24.0,25.4,26.2,31.4,39.6,50.3,55.2,71.1,89.2,137.9,1
150335,11,3.2,5.2,7.3,8.9,9.4,10.2,17.1,18.0,23.0,25.1,26.3,44.0,69.4,69.5,96.2,135.3,5
150336,12,2.3,4.6,6.7,8.3,8.4,19.1,20.5,34.1,48.8,52.9,68.2,101.0,117.7,128.5,187.8,187.8,1
150337,1,3.3,3.4,6.4,6.9,12.1,17.4,17.8,17.9,29.4,35.3,68.3,69.6,90.4,131.4,329.2,480.1,8
150338,2,1.3,8.7,14.4,14.9,15.3,19.4,46.3,49.3,70.7,82.8,153.5,193.3,230.7,290.8,376.7,400.9,1
150339,3,1.2,5.1,19.3,27.1,31.9,54.7,68.1,77.7,96.8,164.3,170.7,269.7,315.1,336.4,454.8,470.4,1
150341,5,3.0,5.7,5.8,6.4,10.6,12.9,15.3,16.8,31.3,35.7,38.8,65.2,135.8,153.3,220.6,254.5,1
150342,6,0.0,2.4,5.1,6.0,7.7,12.6,13.3,20.9,33.1,33.5,42.5,46.5,54.2,75.6,146.4,255.6,0
150343,7,3.6,4.2,4.3,8.8,11.0,15.6,17.5,20.3,22.3,23.3,73.0,77.9,88.3,195.3,225.3,328.3,3
150348,12,1.8,5.9,6.9,7.0,23.0,25.3,30.6,35.6,38.0,58.9,69.1,74.9,96.3,123.5,221.2,390.5,1
150349,1,3.1,3.2,5.4,6.0,13.3,20.7,25.3,29.4,31.7,77.6,144.9,164.1,176.1,213.8,301.1,333.6,5
150353,5,1.6,4.0,15.4,15.4,15.5,17.6,22.1,47.1,69.1,72.4,81.3,120.3,124.4,145.5,273.3,300.9,1
150355,7,1.9,5.9,6.6,12.1,14.7,14.7,15.0,28.9,47.9,56.7,121.3,164.0,168.7,211.6,213.7,265.4,1
150359,11,2.8,4.2,6.9,8.9,15.2,15.8,16.3,17.4,30.3,30.9,33.3,62.3,71.5,80.8,143.4,238.2,6
150364,4,2.1,4.4,9.7,9.7,18.0,19.8,24.2,25.2,28.1,28.6,41.5,73.2,76.7,100.1,109.0,158.5,1
150365,5,1.9,4.3,5.7,14.7,14.7,20.1,28.6,33.2,33.8,88.5,116.3,130.9,132.3,148.9,355.3,448.7,2
150383,11,5.2,5.4,5.8,7.1,10.1,11.6,12.0,12.8,16.4,17.5,22.5,48.2,48.7,130.6,171.2,237.7,2
150387,3,2.0,4.4,5.4,11.1,21.3,26.6,28.6,30.4,36.6,41.0,88.2,93.6,130.9,136.8,172.2,306.8,2
150389,5,0.0,2.7,3.8,5.6,5.6,13.3,15.0,37.2,45.1,59.6,78.0,94.1,100.0,116.7,124.8,252.1,0
150395,11,2.0,4.5,9.2,12.6,13.5,14.0,17.6,25.2,42.0,45.5,55.8,64.5,93.2,159.8,201.4,249.6,8
150402,6,0.0,3.5,3.7,5.0,6.6,9.7,17.0,22.8,27.1,32.9,41.6,55.7,66.4,110.5,110.9,150.7,0
150409,1,1.7,5.5,6.9,7.5,15.8,30.5,31.8,51.1,85.9,104.6,113.6,256.4,365.9,370.2,442.1,539.3,4
150413,5,2.7,3.2,7.9,8.3,10.5,14.2,19.8,34.9,40.9,43.9,88.7,115.2,157.5,263.1,312.8,368.2,1
150414,6,1.6,4.8,10.9,15.2,18.1,21.7,22.5,34.8,48.0,70.8,91.0,117.6,149.0,188.7,236.6,359.5,1
150419,11,3.6,4.4,4.9,6.2,8.8,19.1,19.7,25.3,28.7,33.7,65.1,74.1,75.8,93.2,124.7,141.4,14
150422,2,2.3,4.0,5.9,7.0,8.5,25.9,33.6,41.9,81.6,138.7,198.8,207.5,232.6,350.4,390.6,465.9,3
150429,9,3.4,3.8,7.8,9.4,10.6,14.7,16.2,18.9,21.1,22.8,42.1,44.3,47.6,59.2,104.9,275.1,2
150432,12,3.9,6.1,6.2,8.4,8.5,9.7,12.7,12.8,19.1,22.9,41.2,52.7,75.5,78.7,115.0,159.8,5
150433,1,3.3,4.3,4.4,7.3,9.0,13.9,22.4,24.4,37.8,57.6,65.2,82.4,105.7,139.3,292.0,331.6,3
150435,3,2.1,3.8,9.1,9.1,13.2,16.3,22.2,38.5,46.3,54.4,64.7,72.2,182.1,187.5,330.8,593.9,10
150437,5,2.2,3.0,5.1,20.2,25.7,28.2,31.3,36.3,36.6,39.2,183.4,198.0,221.5,251.5,324.0,383.8,2
150439,7,2.4,3.1,7.4,10.4,11.9,15.8,45.2,46.0,50.7,60.9,83.8,89.4,105.7,110.7,165.0,191.3,1
150444,12,3.1,3.5,5.7,8.7,11.8,14.8,15.1,21.6,32.1,56.1,58.4,66.4,314.9,325.5,412.2,450.7,1
150445,1,2.0,3.1,9.9,11.9,14.3,18.3,37.2,47.1,48.9,60.8,89.1,95.4,177.1,314.4,321.8,583.4,1
150449,5,3.2,4.4,5.2,5.3,9.4,14.9,22.6,25.5,40.8,62.0,88.7,129.0,137.2,201.6,204.1,205.4,2
150450,6,2.9,3.1,5.1,9.4,15.7,22.6,27.9,28.8,34.7,41.6,60.4,97.4,101.1,131.7,186.0,230.5,5
150455,11,3.8,4.5,5.4,7.7,11.8,11.9,14.6,18.8,20.0,23.8,39.9,75.1,79.4,128.3,151.0,186.6,1
150456,12,1.6,4.5,10.2,14.3,15.7,19.7,25.9,32.7,63.4,77.2,88.3,226.8,228.2,261.2,289.2,335.6,8
150457,1,4.3,4.4,4.7,6.0,6.9,8.5,22.3,30.2,46.2,64.1,95.4,97.7,117.2,191.6,268.5,355.8,4
150458,2,2.8,2.9,6.0,7.0,13.6,21.3,27.2,38.7,60.7,84.1,139.5,164.7,201.6,268.0,271.2,656.3,2
150462,6,3.0,3.9,4.9,6.6,11.7,20.8,26.4,27.0,45.1,62.6,65.1,72.7,75.8,82.4,107.2,445.4,1
150468,12,3.8,4.2,6.1,7.3,8.1,8.7,11.5,18.3,58.7,79.1,85.7,88.5,130.2,212.8,217.6,225.4,2
150469,1,2.6,4.6,5.4,6.6,15.9,19.4,21.0,23.5,30.2,43.8,58.7,60.5,72.4,199.4,237.9,362.5,8
150470,2,2.1,4.7,7.1,9.2,9.4,12.3,22.7,42.9,69.7,80.5,88.9,121.5,186.0,433.7,593.6,643.0,1
150476,8,1.9,6.3,6.5,11.0,13.7,13.8,23.4,25.6,30.2,31.1,45.1,145.6,219.7,253.8,345.8,660.7,5
150481,1,3.5,4.3,4.8,7.3,8.4,9.8,22.8,33.2,44.9,46.6,52.0,55.7,117.6,171.1,268.9,493.5,1
150482,2,0.0,1.7,3.6,6.8,13.7,25.3,31.6,36.0,47.4,67.8,70.3,214.4,255.1,362.6,385.3,534.1,13
150483,3,1.3,5.4,13.1,14.4,26.4,32.6,42.3,61.3,116.3,179.8,314.3,316.0,345.7,472.4,568.0,662.1,1
150486,6,1.7,4.1,9.8,12.1,21.9,25.9,30.3,40.4,54.1,57.4,80.2,92.6,161.6,177.9,306.7,372.7,1
150488,8,2.3,5.0,5.3,7.4,16.2,18.4,19.5,26.7,28.7,48.5,73.1,107.7,142.2,237.7,393.1,724.4,4
150490,10,3.4,4.7,4.9,6.6,14.5,15.0,15.5,16.6,22.2,22.6,55.9,93.1,281.6,335.6,396.1,796.2,3
150492,12,2.3,5.5,8.1,9.5,12.8,13.5,16.8,18.6,20.5,28.1,30.9,61.2,119.6,318.4,474.1,508.5,2
150493,1,1.5,7.2,9.5,12.4,18.5,21.5,22.5,25.9,37.9,65.0,70.1,151.2,180.3,213.9,445.7,695.3,6
150494,2,0.0,1.4,6.7,10.9,12.8,16.5,24.4,26.1,103.4,104.0,145.9,222.1,255.8,326.3,376.1,470.9,0
150497,5,2.0,4.8,8.4,10.8,13.7,15.5,20.4,22.4,38.0,48.5,58.6,134.1,165.6,167.0,229.8,324.2,4
150501,9,1.8,6.7,6.7,8.0,11.2,24.8,34.7,38.4,50.2,61.8,70.2,123.1,257.1,262.6,344.4,477.9,1
150502,10,2.9,3.8,6.5,7.9,11.0,15.8,18.6,22.9,23.3,56.8,79.7,80.7,109.0,122.1,136.2,148.8,4
150504,12,4.4,5.2,6.3,7.8,10.1,10.9,11.2,13.8,17.8,18.0,26.9,60.1,105.2,110.6,110.9,187.7,7
150505,1,2.4,4.3,6.6,7.5,9.7,12.7,19.8,49.2,54.2,67.0,90.7,188.2,336.6,370.0,381.2,381.2,1
150510,6,2.4,5.9,6.0,6.5,9.8,15.8,16.6,23.3,31.1,50.9,82.2,141.1,173.6,264.4,403.3,522.9,1
150515,11,1.4,9.0,10.8,12.7,19.4,20.0,32.8,40.9,52.6,55.2,58.4,117.4,209.9,272.7,399.7,413.6,1
150516,12,4.1,5.3,5.7,7.1,8.8,13.7,13.7,15.2,15.6,19.5,41.5,59.1,98.2,119.5,146.5,308.1,8
150517,1,2.3,3.6,12.1,13.4,13.6,15.3,15.4,16.0,27.8,29.7,40.6,166.8,176.8,321.6,347.6,350.9,7
150524,8,3.5,5.3,5.4,6.4,9.6,15.0,19.1,22.3,24.4,26.0,34.9,42.3,68.4,101.0,122.1,136.0,11
150528,12,2.1,6.0,6.3,10.6,15.1,18.3,18.8,19.1,23.3,28.4,45.7,97.7,166.9,227.1,305.1,311.8,1
150529,1,2.3,3.7,7.1,8.0,8.5,17.5,27.7,51.5,58.0,118.5,132.5,181.5,332.8,379.4,450.3,560.9,1
150530,2,2.3,3.9,6.8,8.2,9.2,14.8,28.8,42.5,59.3,106.3,185.7,186.8,203.9,288.3,307.5,898.9,2
150531,3,2.0,3.7,8.3,9.8,11.0,19.6,33.7,36.2,50.0,106.2,121.4,183.0,208.9,391.9,409.1,454.0,1
150534,6,4.0,4.1,4.2,8.1,8.9,15.6,18.6,28.1,31.2,41.9,47.5,52.2,55.6,69.2,138.6,167.0,1
150535,7,4.1,4.6,5.6,6.3,6.4,11.2,15.3,21.4,36.2,43.0,43.4,92.2,168.3,210.2,269.5,402.9,1
150540,12,2.7,4.1,10.5,10.6,10.6,11.4,16.4,16.6,17.9,35.6,41.2,84.6,85.8,97.3,260.6,326.1,1
150541,1,1.2,7.8,13.1,20.4,38.0,42.1,44.8,46.2,68.9,128.0,136.0,184.6,194.4,243.7,320.8,334.3,4
150548,8,2.9,4.1,6.1,11.0,11.4,18.2,20.9,21.2,22.2,22.5,23.8,69.3,104.0,104.1,141.3,198.7,1
150550,10,1.8,8.5,9.1,10.9,12.4,17.5,17.8,23.8,28.1,28.9,45.2,50.0,102.6,231.7,286.4,323.7,1
150554,2,2.5,3.3,5.2,6.8,14.8,23.1,36.2,54.5,58.3,99.3,156.1,188.6,291.1,407.3,426.3,891.7,3
150556,4,2.0,4.4,8.6,9.0,11.9,16.8,17.3,37.6,37.9,107.1,191.9,204.6,240.3,294.4,503.7,692.3,6
150558,6,4.3,4.7,6.7,8.8,9.1,12.6,13.3,13.7,19.8,23.6,27.3,31.1,47.9,84.0,90.1,246.0,5
150559,7,2.4,3.8,6.3,9.2,12.4,13.4,25.2,29.5,40.6,46.1,67.2,117.4,194.1,353.5,375.6,442.2,10
150560,8,2.1,5.7,7.9,9.5,10.0,13.5,15.4,17.8,35.1,95.6,141.3,194.2,200.6,276.2,280.6,326.5,1
150563,11,1.4,7.9,7.9,12.6,14.1,28.4,36.1,45.7,47.6,105.6,121.3,128.0,159.2,222.7,484.9,487.4,1
150564,12,4.3,4.7,5.9,7.0,7.9,9.5,13.6,15.7,21.0,32.3,52.3,78.9,109.0,148.1,160.9,237.8,4
150566,2,3.7,4.4,5.0,6.7,8.6,15.3,18.2,18.7,29.9,30.2,41.5,139.5,196.5,209.0,235.4,251.0,8
150567,3,2.5,4.7,6.5,9.7,11.4,13.3,17.9,19.6,25.9,40.7,66.0,78.8,145.8,147.8,355.2,599.5,4
150569,5,1.9,5.5,5.7,6.9,15.1,18.8,28.0,37.9,55.8,138.6,146.9,192.8,199.5,264.5,294.3,493.2,1
150571,7,3.5,3.8,4.1,10.0,10.2,15.5,22.9,24.7,34.7,36.8,66.2,75.3,83.3,102.4,180.0,327.1,4
150574,10,0.0,2.6,3.9,4.0,8.2,12.4,20.9,29.1,52.8,66.4,78.7,114.8,130.6,160.9,217.3,223.8,0
150575,11,1.9,5.2,8.7,10.2,14.9,18.1,24.9,25.2,31.7,32.1,56.2,62.0,63.0,146.4,211.0,254.7,1
150577,1,1.9,4.7,7.2,8.3,14.5,25.7,30.3,39.8,40.3,62.9,63.3,84.3,84.9,101.4,270.5,312.5,3
150578,2,2.4,6.2,6.9,8.4,11.2,12.9,18.4,21.2,26.8,33.3,45.9,64.8,67.7,74.5,134.1,629.5,11
150581,5,1.6,6.5,8.2,12.0,16.3,31.5,33.2,37.2,39.9,43.4,49.5,76.0,132.2,157.9,166.0,206.7,9
150582,6,3.6,3.8,5.1,6.8,6.8,9.9,17.7,48.3,104.2,116.3,164.1,176.5,185.4,261.4,310.0,325.5,2
150583,7,2.0,5.7,8.1,12.2,14.1,15.2,15.8,18.9,26.7,35.9,44.8,99.4,143.7,252.8,318.3,481.5,1
150585,9,3.0,5.9,6.5,6.6,6.8,8.2,24.0,29.2,35.9,45.8,59.8,60.1,91.2,246.6,276.3,521.7,1
150588,12,2.4,5.1,5.2,8.6,12.8,13.8,28.5,33.2,51.4,55.1,55.3,65.1,71.9,88.7,98.7,229.5,4
150589,1,2.5,4.9,6.0,8.7,13.5,16.0,17.3,20.3,23.3,31.8,39.4,114.3,151.1,191.2,236.8,247.8,9
150590,2,1.7,4.6,6.7,11.1,29.6,30.1,30.7,39.9,51.7,59.8,71.1,73.0,75.9,308.0,420.3,556.4,2
150593,5,3.7,4.1,4.8,7.6,9.5,9.7,19.9,27.0,43.4,54.2,55.7,71.9,72.8,73.3,176.0,330.1,3
150595,7,3.1,4.6,7.0,7.1,10.1,11.8,17.5,19.9,22.2,29.6,44.3,62.8,103.2,111.9,270.6,282.7,6
150597,9,2.5,5.0,5.9,7.2,10.8,15.0,20.6,27.1,40.5,58.5,64.7,96.4,111.6,119.6,155.7,458.1,2
