650,1,2.6,2.9,4.2,17.8,23.7,25.9,36.0,37.5,41.2,42.5,43.2,113.7,143.7,149.4,163.3,363.3,1600,-1,0,1,0,15,13,7,8,14,9,12,11,16,6,1,5,4,2,3,10,0
650,2,2.3,5.4,5.5,8.3,8.4,13.5,21.2,30.0,48.8,64.6,96.2,141.6,168.7,261.3,267.8,300.3,1400,-1,0,1,0,9,5,2,10,13,16,12,4,1,11,8,6,15,3,14,7,0
650,3,3.2,4.0,4.7,6.3,8.5,16.0,25.0,40.9,45.4,51.2,82.1,106.6,236.0,262.9,336.2,388.0,1800,1,0,1,0,9,3,14,5,6,18,10,8,4,16,11,15,1,2,7,12,0
650,4,3.1,3.7,7.7,7.9,10.5,12.8,14.1,23.2,31.8,33.9,61.4,68.3,101.1,109.8,111.7,282.8,1400,-1,0,1,0,11,12,10,16,13,6,5,9,4,14,1,3,2,7,15,8,0
650,5,2.5,4.8,5.6,7.9,8.0,14.1,15.2,32.8,53.7,103.9,116.9,122.7,208.9,256.4,423.4,431.2,1600,-1,0,1,0,16,12,5,15,6,10,7,8,4,13,11,1,14,9,3,2,0
650,6,1.7,5.7,6.4,9.9,13.0,19.8,40.1,48.2,50.1,57.4,71.9,81.1,149.9,169.2,179.7,304.9,1400,1,0,1,0,12,10,14,17,16,15,6,9,2,11,8,5,3,7,13,18,0
650,7,3.7,4.7,5.1,7.1,8.0,10.1,24.4,26.3,29.7,35.2,41.7,56.1,70.4,162.0,189.8,254.1,1600,-1,0,1,0,11,1,16,10,12,4,13,6,7,14,9,3,15,5,2,8,0
650,9,3.0,5.0,7.0,9.6,11.4,12.6,13.2,15.0,24.0,25.7,35.0,76.2,77.6,130.2,138.0,147.4,1800,1,0,1,0,2,4,11,15,16,18,13,3,7,6,5,1,10,12,9,14,0
650,10,3.4,3.9,4.1,5.4,11.5,16.4,20.3,56.2,66.1,84.8,97.8,145.0,147.1,162.1,247.4,250.4,2400,1,0,1,0,1,8,3,12,10,14,5,13,7,9,18,11,4,2,15,6,0
650,11,4.9,6.8,7.4,8.4,9.1,9.9,12.5,13.9,14.5,18.2,20.9,25.6,29.7,49.3,62.9,102.8,1400,-1,0,1,0,14,4,8,11,1,5,7,6,2,3,9,12,13,15,10,16,0
650,12,3.4,6.4,7.1,8.0,12.4,15.4,15.7,15.8,23.7,27.9,29.5,31.4,31.4,36.1,36.4,48.6,2500,1,0,1,0,6,15,16,5,13,10,9,3,18,12,8,2,1,14,11,4,0
653,1,2.4,5.3,5.6,11.4,12.7,13.4,24.1,25.2,25.4,26.8,40.0,48.5,76.1,86.1,105.3,266.8,1400,-1,0,-1,0,3,13,5,12,14,8,2,7,4,1,11,16,9,15,6,10,0
653,2,1.9,4.2,7.6,8.5,14.5,18.1,21.9,42.7,64.4,83.7,107.7,293.9,314.9,329.0,434.8,487.7,2400,1,0,-1,0,10,4,3,16,13,2,12,5,8,6,14,18,9,7,17,15,0
653,3,3.3,3.6,6.8,8.6,8.7,12.5,18.7,20.3,23.2,57.6,66.0,89.9,105.6,178.1,179.8,255.0,1800,1,0,-1,0,16,4,14,5,8,15,1,6,3,18,11,13,7,2,9,12,0
653,7,2.4,3.9,5.2,9.5,15.5,17.8,27.1,29.9,42.4,42.6,65.1,75.6,88.7,165.3,183.5,402.2,1800,-1,0,-1,0,10,2,3,8,14,6,12,15,9,1,4,13,5,11,16,7,0
653,10,2.2,5.0,9.8,10.2,15.5,17.3,18.0,27.6,32.0,32.1,35.6,40.6,50.8,52.9,65.1,88.2,1400,1,0,-1,0,15,12,2,6,18,4,7,5,17,1,9,14,10,8,3,16,0
653,12,2.2,6.6,7.2,8.0,14.9,17.6,19.1,20.8,22.6,29.7,31.3,45.3,59.6,92.4,104.2,106.5,1800,-1,0,-1,0,4,5,13,16,3,7,10,11,2,1,15,9,8,14,12,6,0
